	151
12-1-205_R1	7210324.0
	151
12-1-205_R2	7210324.0
	150
AG0004_R1	12555053.0
	150
AG0004_R2	12555053.0
	250
B2_R1	7996502.0
	250
B2_R2	7996502.0
	250
B51_R1	7090633.0
	250
B51_R2	7090633.0
	151
BF0072_R1	10064793.0
	151
BF0072_R2	10064793.0
	151
BN0019_R1	11867043.0
	151
BN0019_R2	11867043.0
	151
BN0119_R1	6622291.0
	151
BN0119_R2	6622291.0
	151
BN0123_R1	7919624.0
	151
BN0123_R2	7919624.0
	151
BN0202_R1	8606161.0
	151
BN0202_R2	8606161.0
	151
BN0252_R1	10841812.0
	151
BN0252_R2	10841812.0
	34	36	38	40	42	44	46	48	50	52	54	56	58	60	62	64	66	68	70	72	74	76	78	80	82	84	86	88	90	92	94	96	98	100
Br62_R1	2709.0	5809.0	6298.0	6685.0	7098.0	7624.0	8021.0	8130.0	8421.0	9103.0	9274.0	9691.0	10267.0	10540.0	10480.0	10981.0	13860.0	11896.0	12180.0	12663.0	13574.0	14429.0	15341.0	16982.0	18493.0	20110.0	22672.0	26619.0	36548.0	91425.0	58881.0	67793.0	221748.0	11483915.0
	34	36	38	40	42	44	46	48	50	52	54	56	58	60	62	64	66	68	70	72	74	76	78	80	82	84	86	88	90	92	94	96	98	100
Br62_R2	11483.0	23615.0	25611.0	26939.0	27275.0	27726.0	27570.0	28500.0	28571.0	28540.0	29259.0	29579.0	29873.0	29246.0	28875.0	28605.0	27601.0	26968.0	26989.0	26997.0	27161.0	27646.0	27645.0	27534.0	28277.0	31530.0	36385.0	43085.0	53056.0	89176.0	82385.0	100632.0	319515.0	10856411.0
	34	44	54	64	74	84	94	104	114	124	134	144	154	164	174	184	194	204	214	224	234	244	254	264	274	284	294	300
Br80_R1	3829.0	14314.0	22601.0	29497.0	35555.0	41038.0	47060.0	52958.0	60493.0	67610.0	76016.0	84935.0	94693.0	104307.0	115244.0	125905.0	135084.0	145140.0	153079.0	160557.0	166599.0	170397.0	171530.0	172304.0	169924.0	166505.0	1083479.0	2228117.0
	34	44	54	64	74	84	94	104	114	124	134	144	154	164	174	184	194	204	214	224	234	244	254	264	274	284	294	300
Br80_R2	3828.0	14345.0	22635.0	29455.0	35473.0	40897.0	46812.0	52580.0	59923.0	66863.0	74933.0	83260.0	92276.0	100777.0	110457.0	119490.0	125892.0	131956.0	131502.0	123370.0	99852.0	85983.0	69277.0	54385.0	38312.0	32814.0	1099680.0	2951743.0
	151
CD0065_R1	9942599.0
	151
CD0065_R2	9942599.0
	151
CD0142_R1	13576930.0
	151
CD0142_R2	13576930.0
	151
CH0043_R1	14352311.0
	151
CH0043_R2	14352311.0
	151
CH0072_R1	10607740.0
	151
CH0072_R2	10607740.0
	151
CH0452_R1	8063851.0
	151
CH0452_R2	8063851.0
	151
CH0461_R1	13548398.0
	151
CH0461_R2	13548398.0
	151
CH0533_R1	8374023.0
	151
CH0533_R2	8374023.0
	151
CH1103_R1	7554411.0
	151
CH1103_R2	7554411.0
	151
CH1164_R1	6329227.0
	151
CH1164_R2	6329227.0
	150
CM0028_R1	19691203.0
	150
CM0028_R2	19691203.0
	100
EI9411_R1	7737899.0
	100
EI9411_R2	7737899.0
	100
EI9604_R1	7128541.0
	100
EI9604_R2	7128541.0
	150
FR1067_R1	15180583.0
	150
FR1067_R2	15180583.0
	150
FR1069_R1	17308299.0
	150
FR1069_R2	17308299.0
	34	36	38	40	42	44	46	48	50	52	54	56	58	60	62	64	66	68	70	72	74	76	78	80	82	84	86	88	90	92	94	96	98	100
G17_R1	4022.0	8141.0	8730.0	9142.0	9505.0	9957.0	9921.0	9989.0	10234.0	10478.0	10340.0	10696.0	10721.0	11038.0	11177.0	11527.0	12528.0	11826.0	12062.0	12706.0	13941.0	14894.0	16623.0	18494.0	20723.0	23872.0	26978.0	33168.0	42250.0	54622.0	77125.0	107911.0	349869.0	18582378.0
	34	36	38	40	42	44	46	48	50	52	54	56	58	60	62	64	66	68	70	72	74	76	78	80	82	84	86	88	90	92	94	96	98	100
G17_R2	16456.0	34214.0	37036.0	38460.0	39312.0	39561.0	39758.0	40387.0	40824.0	41093.0	41682.0	42039.0	41686.0	41332.0	40453.0	39956.0	38433.0	37680.0	37181.0	38136.0	37531.0	37911.0	37853.0	37153.0	38746.0	44027.0	51624.0	61740.0	77757.0	138689.0	120182.0	157713.0	488574.0	17492409.0
	150
GN0001_R1	12269860.0
	150
GN0001_R2	12269860.0
	150
GY0040_R1	10306131.0
	150
GY0040_R2	10306131.0
	151
IN0017_R1	6632096.0
	151
IN0017_R2	6632096.0
	151
IN0054_R1	12337576.0
	151
IN0054_R2	12337576.0
	151
IN0059_R1	5550111.0
	151
IN0059_R2	5550111.0
	151
IN0114_R1	11810162.0
	151
IN0114_R2	11810162.0
	151
IN0115_R1	13173876.0
	151
IN0115_R2	13173876.0
	151
IN0116_R2	13320426.0
	150
IR00102_R1	16956380.0
	150
IR00102_R2	16956380.0
	150
IR0013_R1	15097517.0
	150
IR0013_R2	15097517.0
	150
IR0015_R1	13992874.0
	150
IR0015_R2	13992874.0
	150
IR0083_R1	11442190.0
	150
IR0083_R2	11442190.0
	150
IR0084_R1	17479082.0
	150
IR0084_R2	17479082.0
	150
IR0088_R1	17848961.0
	150
IR0088_R2	17848961.0
	150
IR0095_R1	15763533.0
	150
IR0095_R2	15763533.0
	150
IT0010_R1	16778871.0
	150
IT0010_R2	16778871.0
	150
JP0091_R1	14264726.0
	150
JP0091_R2	14264726.0
	150
ML0060_R1	13678921.0
	150
ML0060_R2	13678921.0
	151
ML0062_R1	8976477.0
	151
ML0062_R2	8976477.0
	151
NG0012_R1	7106748.0
	151
NG0012_R2	7106748.0
	151
NG0054_R1	9342286.0
	151
NG0054_R2	9342286.0
	151
NP0058_R1	12773549.0
	151
NP0058_R2	12773549.0
	300
P28_R1	8979346.0
	300
P28_R2	8979346.0
	300
P29_R1	9335380.0
	300
P29_R2	9335380.0
	300
P3_R1	16130764.0
	300
P3_R2	16130764.0
	34	36	38	40	42	44	46	48	50	52	54	56	58	60	62	64	66	68	70	72	74	76	78	80	82	84	86	88	90	92	94	96	98	100
PGPA_R1	4524.0	9115.0	9651.0	10179.0	10660.0	11094.0	10948.0	10996.0	11091.0	11557.0	11586.0	11660.0	11710.0	11935.0	12009.0	12728.0	13623.0	13095.0	13177.0	13937.0	15518.0	16462.0	17960.0	20299.0	23081.0	25585.0	29493.0	35783.0	45159.0	58095.0	81274.0	113102.0	367295.0	19795293.0
	34	36	38	40	42	44	46	48	50	52	54	56	58	60	62	64	66	68	70	72	74	76	78	80	82	84	86	88	90	92	94	96	98	100
PGPA_R2	15097.0	31132.0	33558.0	35605.0	35842.0	36336.0	36278.0	36820.0	36971.0	37047.0	37868.0	38392.0	38511.0	37607.0	37298.0	36268.0	34746.0	34291.0	33873.0	34850.0	34629.0	34964.0	34972.0	34375.0	36176.0	40821.0	47974.0	58247.0	70679.0	90818.0	120891.0	161833.0	511813.0	18893092.0
	34	36	38	40	42	44	46	48	50	52	54	56	58	60	62	64	66	68	70	72	74	76	78	80	82	84	86	88	90	92	94	96	98	100
PgKY_R1	3382.0	6877.0	7408.0	7767.0	8024.0	8490.0	8596.0	8687.0	8890.0	9095.0	9282.0	9258.0	9383.0	9470.0	9764.0	10173.0	11179.0	10613.0	10879.0	11356.0	12100.0	13017.0	14389.0	16019.0	17863.0	20162.0	22975.0	27796.0	35048.0	44900.0	61444.0	85924.0	275774.0	15305877.0
	34	36	38	40	42	44	46	48	50	52	54	56	58	60	62	64	66	68	70	72	74	76	78	80	82	84	86	88	90	92	94	96	98	100
PgKY_R2	9828.0	20535.0	22084.0	23651.0	23611.0	24027.0	23985.0	24388.0	24604.0	24901.0	25374.0	25647.0	25691.0	25619.0	25231.0	24573.0	24045.0	23280.0	22793.0	23843.0	23091.0	23765.0	23525.0	23061.0	24342.0	27618.0	32794.0	39285.0	47812.0	61953.0	83950.0	111496.0	353563.0	14787896.0
	14	16	18	20	22	24	26	28	30	32	34	36	38	40	42	44	46	48	50	52	54	56	58	60	62	64	66	68	70	72	74	76	78	80	82	84	86	88	90	92	94	96	98
Py0925_R1	667.0	2237.0	3848.0	7803.0	12565.0	17016.0	17778.0	19141.0	20258.0	21288.0	22757.0	23665.0	23359.0	25068.0	25659.0	26367.0	26097.0	25799.0	25756.0	27437.0	29929.0	32238.0	34434.0	36158.0	38774.0	52187.0	49820.0	47806.0	50663.0	52839.0	45910.0	42053.0	55924.0	66990.0	78009.0	92523.0	114347.0	152978.0	191372.0	284118.0	375839.0	656242.0	23320626.0
	14	16	18	20	22	24	26	28	30	32	34	36	38	40	42	44	46	48	50	52	54	56	58	60	62	64	66	68	70	72	74	76	78	80	82	84	86	88	90	92	94	96	98	100
Py0925_R2	10902.0	24527.0	28839.0	26170.0	28719.0	30835.0	34102.0	36122.0	38828.0	41129.0	43261.0	44870.0	46185.0	46628.0	48974.0	51705.0	52991.0	53747.0	42035.0	39029.0	43687.0	46812.0	47636.0	46401.0	49153.0	51550.0	54367.0	57898.0	59999.0	62879.0	68471.0	69996.0	77237.0	85796.0	92767.0	105770.0	125653.0	157602.0	198769.0	254375.0	409978.0	496233.0	2411350.0	20432367.0
	14	16	18	20	22	24	26	28	30	32	34	36	38	40	42	44	46	48	50	52	54	56	58	60	62	64	66	68	70	72	74	76	78	80	82	84	86	88	90	92	94	96	98
Py36-1_R1	464.0	1588.0	3030.0	6368.0	10310.0	12843.0	14008.0	14751.0	15778.0	16495.0	17043.0	17302.0	17531.0	17363.0	18137.0	17806.0	18384.0	19247.0	20087.0	21537.0	22767.0	24026.0	25349.0	27348.0	29125.0	30878.0	32696.0	35976.0	38991.0	41165.0	35163.0	33487.0	45505.0	52563.0	60559.0	72891.0	90169.0	126966.0	146898.0	227371.0	432494.0	478027.0	26729622.0
	14	16	18	20	22	24	26	28	30	32	34	36	38	40	42	44	46	48	50	52	54	56	58	60	62	64	66	68	70	72	74	76	78	80	82	84	86	88	90	92	94	96	98
Py36-1_R2	15274.0	34619.0	38857.0	36840.0	42056.0	46523.0	64000.0	49793.0	52967.0	55429.0	56810.0	57712.0	58254.0	59054.0	57544.0	63612.0	62581.0	62977.0	49570.0	44592.0	53057.0	54915.0	52633.0	54175.0	59352.0	62653.0	65048.0	67755.0	70905.0	73732.0	78242.0	85511.0	90529.0	99836.0	106724.0	121127.0	140985.0	174016.0	218163.0	281647.0	467403.0	1104971.0	24527665.0
	14	16	18	20	22	24	26	28	30	32	34	36	38	40	42	44	46	48	50	52	54	56	58	60	62	64	66	68	70	72	74	76	78	80	82	84	86	88	90	92	94	96	98	100
Py5033_R2	8897.0	19779.0	23536.0	21130.0	23283.0	24828.0	26905.0	29208.0	30931.0	32681.0	34044.0	35804.0	36491.0	36555.0	38896.0	40418.0	41375.0	42239.0	33030.0	30557.0	35048.0	36808.0	37586.0	36184.0	39038.0	40862.0	42776.0	46088.0	47524.0	49760.0	53674.0	55663.0	61184.0	67940.0	73599.0	84022.0	98861.0	124219.0	157743.0	201882.0	328470.0	393991.0	1931719.0	16848629.0
	14	16	18	20	22	24	26	28	30	32	34	36	38	40	42	44	46	48	50	52	54	56	58	60	62	64	66	68	70	72	74	76	78	80	82	84	86	88	90	92	94	96	98
Py510_R1	444.0	1243.0	2332.0	4786.0	7661.0	10212.0	10586.0	11410.0	12025.0	12655.0	13693.0	14014.0	14186.0	14689.0	15164.0	15437.0	15635.0	15412.0	15203.0	16291.0	18003.0	19253.0	20176.0	21261.0	23159.0	31554.0	30075.0	28689.0	30199.0	31891.0	27288.0	24963.0	33535.0	40039.0	46976.0	55848.0	68434.0	90747.0	115104.0	170261.0	310337.0	392549.0	13861422.0
	14	16	18	20	22	24	26	28	30	32	34	36	38	40	42	44	46	48	50	52	54	56	58	60	62	64	66	68	70	72	74	76	78	80	82	84	86	88	90	92	94	96	98	100
Py510_R2	6232.0	13769.0	15926.0	14739.0	16120.0	17600.0	18812.0	20323.0	21547.0	22776.0	24041.0	25039.0	26039.0	25748.0	27825.0	28683.0	29521.0	29773.0	23323.0	21803.0	24909.0	26175.0	26736.0	25419.0	27626.0	28889.0	30814.0	32533.0	34238.0	35581.0	38090.0	39776.0	44105.0	48744.0	53131.0	60863.0	72054.0	89985.0	114034.0	146907.0	237079.0	291885.0	1446921.0	12308708.0
	14	16	18	20	22	24	26	28	30	32	34	36	38	40	42	44	46	48	50	52	54	56	58	60	62	64	66	68	70	72	74	76	78	80	82	84	86	88	90	92	94	96	98
Py6017_R1	492.0	1494.0	2780.0	5386.0	8756.0	11684.0	12125.0	12748.0	13476.0	14122.0	15054.0	15783.0	15281.0	16479.0	16598.0	17049.0	16940.0	16865.0	16647.0	17754.0	19450.0	20828.0	22306.0	23754.0	25145.0	33611.0	32616.0	31165.0	32702.0	34414.0	29981.0	27142.0	36003.0	42999.0	50953.0	59952.0	74142.0	98538.0	124849.0	184448.0	342472.0	436260.0	15580213.0
	14	16	18	20	22	24	26	28	30	32	34	36	38	40	42	44	46	48	50	52	54	56	58	60	62	64	66	68	70	72	74	76	78	80	82	84	86	88	90	92	94	96	98	100
Py6017_R2	7753.0	17161.0	20199.0	18138.0	19960.0	21177.0	23130.0	25096.0	26889.0	28324.0	29652.0	30848.0	31461.0	31701.0	33659.0	34900.0	36236.0	36476.0	28344.0	26616.0	29949.0	31419.0	32262.0	31033.0	33136.0	35122.0	37043.0	39423.0	40737.0	42884.0	46053.0	47638.0	52337.0	58110.0	63103.0	71961.0	84910.0	105795.0	134033.0	172395.0	274460.0	336264.0	1626277.0	13657392.0
	14	16	18	20	22	24	26	28	30	32	34	36	38	40	42	44	46	48	50	52	54	56	58	60	62	64	66	68	70	72	74	76	78	80	82	84	86	88	90	92	94	96	98
Py6045_R1	597.0	1883.0	3485.0	6913.0	11038.0	15185.0	15883.0	17077.0	18377.0	19516.0	20270.0	21357.0	21288.0	22645.0	23269.0	23659.0	23657.0	23489.0	23106.0	24616.0	27072.0	28917.0	30579.0	32452.0	34641.0	47676.0	45361.0	43603.0	45816.0	48341.0	42579.0	39981.0	52988.0	63252.0	72746.0	86494.0	106681.0	143014.0	177684.0	257883.0	590506.0	2136129.0	18175517.0
	14	16	18	20	22	24	26	28	30	32	34	36	38	40	42	44	46	48	50	52	54	56	58	60	62	64	66	68	70	72	74	76	78	80	82	84	86	88	90	92	94	96	98	100
Py6045_R2	8290.0	18527.0	21661.0	19718.0	21682.0	23752.0	25704.0	28219.0	29794.0	31130.0	32750.0	34180.0	34975.0	35136.0	37405.0	38737.0	40150.0	40696.0	32169.0	29878.0	33972.0	35981.0	36929.0	34880.0	37338.0	39565.0	41938.0	44475.0	46665.0	48784.0	53083.0	54542.0	60739.0	67134.0	72777.0	83776.0	99072.0	124601.0	157114.0	201887.0	331088.0	526988.0	2043945.0	17805396.0
	14	16	18	20	22	24	26	28	30	32	34	36	38	40	42	44	46	48	50	52	54	56	58	60	62	64	66	68	70	72	74	76	78	80	82	84	86	88	90	92	94	96	98
Py86-1_R1	547.0	1648.0	3078.0	5869.0	9708.0	13122.0	13693.0	14775.0	15962.0	16615.0	17644.0	18491.0	18213.0	19429.0	19769.0	19915.0	20086.0	20317.0	19709.0	21152.0	23208.0	24871.0	26618.0	28038.0	30193.0	40599.0	38720.0	37385.0	39371.0	41475.0	35947.0	33775.0	44903.0	53586.0	62995.0	74827.0	91700.0	121900.0	153011.0	224378.0	517816.0	1865610.0	15719016.0
	14	16	18	20	22	24	26	28	30	32	34	36	38	40	42	44	46	48	50	52	54	56	58	60	62	64	66	68	70	72	74	76	78	80	82	84	86	88	90	92	94	96	98	100
Py86-1_R2	8026.0	17596.0	20386.0	18700.0	20514.0	22230.0	24294.0	26250.0	27944.0	29532.0	30835.0	31905.0	32840.0	33321.0	35413.0	36566.0	37507.0	37905.0	29706.0	27937.0	31540.0	33782.0	33923.0	32807.0	35353.0	36960.0	38986.0	41708.0	42595.0	44884.0	48881.0	50507.0	55212.0	61416.0	66313.0	76550.0	90193.0	112888.0	142825.0	183445.0	299466.0	470553.0	1776671.0	15262819.0
	100
SV9610_R1	7641464.0
	100
SV9610_R2	7641464.0
	100
SV9623_R1	7358699.0
	100
SV9623_R2	7358699.0
	250
T25_R1	13229717.0
	250
T25_R2	13229717.0
	151
TG0004_R1	7836183.0
	151
TG0004_R2	7836183.0
	151
TG0032_R1	11539189.0
	151
TG0032_R2	11539189.0
	151
TN0001_R1	9031422.0
	151
TN0001_R2	9031422.0
	151
TN0002_R1	11034274.0
	151
TN0002_R2	11034274.0
	150
TN0050_R1	11636071.0
	150
TN0050_R2	11636071.0
	151
TN0057_R1	11732409.0
	151
TN0057_R2	11732409.0
	151
TN0065_R1	14702538.0
	151
TN0065_R2	14702538.0
	151
TN0090_R1	11611731.0
	151
TN0090_R2	11611731.0
	150
TR0025_R1	14654436.0
	150
TR0025_R2	14654436.0
	151
US0041_R1	7987470.0
	151
US0041_R2	7987470.0
	150
US0064_R1	14805986.0
	150
US0064_R2	14805986.0
	151
VT0027_R1	7284224.0
	151
VT0027_R2	7284224.0
	151
VT0030_R1	9220111.0
	151
VT0030_R2	9220111.0

