	33.0	34.0	35.0	36.0	37.0	38.0	39.0	40.0
12-1-205_R1_paired	5.0	139.0	1547.0	9120.0	41239.0	171078.0	934709.0	3243330.0
	33.0	34.0	35.0	36.0	37.0	38.0	39.0	40.0
12-1-205_R2_paired	16.0	733.0	9627.0	65082.0	303318.0	1079146.0	2211908.0	731337.0
	33.0	34.0	35.0	36.0	37.0	38.0	39.0	40.0
AG0004_R1_paired	5.0	454.0	5403.0	37263.0	172271.0	599591.0	1822577.0	4634399.0
	33.0	34.0	35.0	36.0	37.0	38.0	39.0	40.0
AG0004_R2_paired	28.0	1190.0	16608.0	114032.0	504764.0	1617182.0	3222198.0	1795961.0
	30.0
B2_R1_paired	7938528.0
	30.0
B2_R2_paired	7938528.0
	30.0
B51_R1_paired	7040089.0
	30.0
B51_R2_paired	7040089.0
	33.0	34.0	35.0	36.0	37.0	38.0	39.0	40.0
BF0072_R1_paired	8.0	254.0	2599.0	14252.0	59895.0	280328.0	2138188.0	3231913.0
	33.0	34.0	35.0	36.0	37.0	38.0	39.0	40.0
BF0072_R2_paired	44.0	1247.0	15726.0	101810.0	430578.0	1343644.0	2571675.0	1262713.0
	33.0	34.0	35.0	36.0	37.0	38.0	39.0	40.0
BN0019_R1_paired	15.0	362.0	3189.0	17237.0	64964.0	221586.0	914139.0	6171675.0
	32.0	33.0	34.0	35.0	36.0	37.0	38.0	39.0	40.0
BN0019_R2_paired	1.0	45.0	1608.0	20776.0	138109.0	612063.0	1982072.0	3434494.0	1203999.0
	33.0	34.0	35.0	36.0	37.0	38.0	39.0	40.0
BN0119_R1_paired	21.0	775.0	9690.0	63068.0	282071.0	965672.0	1951629.0	910133.0
	33.0	34.0	35.0	36.0	37.0	38.0	39.0	40.0
BN0119_R2_paired	6.0	185.0	2017.0	10779.0	40353.0	136006.0	545260.0	3448453.0
	33.0	34.0	35.0	36.0	37.0	38.0	39.0	40.0
BN0123_R1_paired	8.0	257.0	2856.0	16175.0	67575.0	250845.0	953192.0	3655879.0
	33.0	34.0	35.0	36.0	37.0	38.0	39.0	40.0
BN0123_R2_paired	30.0	947.0	12086.0	78877.0	342659.0	1107629.0	2242279.0	1162280.0
	33.0	34.0	35.0	36.0	37.0	38.0	39.0	40.0
BN0202_R1_paired	12.0	249.0	2530.0	13143.0	47801.0	162928.0	669838.0	4518714.0
	33.0	34.0	35.0	36.0	37.0	38.0	39.0	40.0
BN0202_R2_paired	21.0	1097.0	13978.0	90687.0	401441.0	1345081.0	2551577.0	1011333.0
	33.0	34.0	35.0	36.0	37.0	38.0	39.0	40.0
BN0252_R1_paired	16.0	442.0	3948.0	20536.0	74910.0	251862.0	1003315.0	6146916.0
	33.0	34.0	35.0	36.0	37.0	38.0	39.0	40.0
BN0252_R2_paired	32.0	1234.0	15636.0	102661.0	464845.0	1631846.0	3495897.0	1789794.0
	31.0	32.0	33.0	34.0	35.0	36.0	37.0	38.0	39.0	40.0
Br62_R1_paired	3.0	517.0	14358.0	129368.0	621371.0	2125287.0	3927915.0	2304696.0	287277.0	3105.0
	30.0	31.0	32.0	33.0	34.0	35.0	36.0	37.0	38.0	39.0	40.0
Br62_R2_paired	4.0	9.0	953.0	23062.0	187470.0	826077.0	2404880.0	3791888.0	1958275.0	220266.0	1013.0
	32.0	33.0	34.0	35.0	36.0	37.0
Br80_R1_paired	12.0	817.0	15787.0	117763.0	580631.0	2739594.0
	32.0	33.0	34.0	35.0	36.0	37.0
Br80_R2_paired	30.0	2115.0	38646.0	265730.0	1080698.0	2067385.0
	33.0	34.0	35.0	36.0	37.0	38.0	39.0	40.0
CD0065_R1_paired	13.0	349.0	3080.0	16215.0	61047.0	207911.0	845701.0	5204158.0
	33.0	34.0	35.0	36.0	37.0	38.0	39.0	40.0
CD0065_R2_paired	32.0	1211.0	15484.0	103325.0	459368.0	1554965.0	2962983.0	1241106.0
	33.0	34.0	35.0	36.0	37.0	38.0	39.0	40.0
CD0142_R1_paired	18.0	463.0	4319.0	23252.0	86228.0	292244.0	1187847.0	7463759.0
	33.0	34.0	35.0	36.0	37.0	38.0	39.0	40.0
CD0142_R2_paired	51.0	1706.0	21969.0	149156.0	683701.0	2279182.0	4195850.0	1726515.0
	33.0	34.0	35.0	36.0	37.0	38.0	39.0	40.0
CH0043_R1_paired	15.0	412.0	4344.0	23708.0	86314.0	287080.0	1153696.0	7806847.0
	33.0	34.0	35.0	36.0	37.0	38.0	39.0	40.0
CH0043_R2_paired	51.0	1766.0	22691.0	152818.0	694339.0	2351043.0	4425409.0	1714299.0
	33.0	34.0	35.0	36.0	37.0	38.0	39.0	40.0
CH0072_R1_paired	12.0	370.0	3595.0	18973.0	69139.0	230226.0	912891.0	5534615.0
	32.0	33.0	34.0	35.0	36.0	37.0	38.0	39.0	40.0
CH0072_R2_paired	1.0	30.0	1175.0	15195.0	100684.0	453995.0	1576234.0	3191216.0	1431291.0
	33.0	34.0	35.0	36.0	37.0	38.0	39.0	40.0
CH0452_R1_paired	11.0	346.0	3263.0	18445.0	74729.0	270144.0	993554.0	3914724.0
	33.0	34.0	35.0	36.0	37.0	38.0	39.0	40.0
CH0452_R2_paired	21.0	902.0	11560.0	77081.0	343756.0	1144322.0	2393875.0	1303699.0
	33.0	34.0	35.0	36.0	37.0	38.0	39.0	40.0
CH0461_R1_paired	7.0	402.0	3868.0	20107.0	74985.0	253779.0	1038202.0	6893608.0
	32.0	33.0	34.0	35.0	36.0	37.0	38.0	39.0	40.0
CH0461_R2_paired	1.0	57.0	1849.0	23342.0	154448.0	669915.0	2170926.0	3856992.0	1407428.0
	33.0	34.0	35.0	36.0	37.0	38.0	39.0	40.0
CH0533_R1_paired	34.0	927.0	12140.0	79525.0	360113.0	1268878.0	2695238.0	1331026.0
	33.0	34.0	35.0	36.0	37.0	38.0	39.0	40.0
CH0533_R2_paired	11.0	347.0	3022.0	15564.0	58165.0	198356.0	802705.0	4669711.0
	33.0	34.0	35.0	36.0	37.0	38.0	39.0	40.0
CH1103_R1_paired	8.0	280.0	2639.0	13992.0	51331.0	168362.0	655068.0	4111068.0
	33.0	34.0	35.0	36.0	37.0	38.0	39.0	40.0
CH1103_R2_paired	20.0	879.0	11056.0	72756.0	330496.0	1150204.0	2342838.0	1094499.0
	32.0	33.0	34.0	35.0	36.0	37.0	38.0	39.0	40.0
CH1164_R1_paired	1.0	12.0	217.0	2132.0	11148.0	41675.0	139796.0	562500.0	3391750.0
	33.0	34.0	35.0	36.0	37.0	38.0	39.0	40.0
CH1164_R2_paired	22.0	796.0	10444.0	71044.0	321835.0	1067203.0	1923822.0	754065.0
	33.0	34.0	35.0	36.0	37.0	38.0	39.0	40.0
CM0028_R1_paired	25.0	555.0	6027.0	35668.0	153273.0	584511.0	2288774.0	9483124.0
	32.0	33.0	34.0	35.0	36.0	37.0	38.0	39.0	40.0
CM0028_R2_paired	1.0	60.0	2304.0	29001.0	189556.0	828170.0	2775168.0	5762944.0	2964753.0
	32.0	33.0	34.0	35.0	36.0	37.0	38.0	39.0	40.0
EI9411_R1_paired	94.0	4118.0	59199.0	407353.0	1414605.0	2029266.0	935188.0	139773.0	215.0
	32.0	33.0	34.0	35.0	36.0	37.0	38.0	39.0	40.0
EI9411_R2_paired	368.0	13335.0	142369.0	673854.0	1594666.0	1727906.0	713399.0	123318.0	596.0
	32.0	33.0	34.0	35.0	36.0	37.0	38.0	39.0	40.0
EI9604_R1_paired	102.0	3955.0	55127.0	372954.0	1278841.0	1831568.0	861157.0	136720.0	237.0
	31.0	32.0	33.0	34.0	35.0	36.0	37.0	38.0	39.0	40.0
EI9604_R2_paired	1.0	325.0	11982.0	128357.0	608804.0	1440438.0	1559813.0	665221.0	125048.0	672.0
	33.0	34.0	35.0	36.0	37.0	38.0	39.0	40.0
FR1067_R1_paired	11.0	447.0	5108.0	29816.0	126623.0	476689.0	1810260.0	7519582.0
	33.0	34.0	35.0	36.0	37.0	38.0	39.0	40.0
FR1067_R2_paired	42.0	1545.0	21628.0	147283.0	666821.0	2280700.0	4604682.0	2245835.0
	33.0	34.0	35.0	36.0	37.0	38.0	39.0	40.0
FR1069_R1_paired	9.0	486.0	5774.0	33215.0	139750.0	525874.0	1993924.0	8614250.0
	33.0	34.0	35.0	36.0	37.0	38.0	39.0	40.0
FR1069_R2_paired	52.0	1712.0	22176.0	147821.0	671255.0	2361878.0	5221377.0	2887011.0
	31.0	32.0	33.0	34.0	35.0	36.0	37.0	38.0	39.0	40.0
G17_R1_paired	3.0	844.0	22333.0	211503.0	1062803.0	3710202.0	6413203.0	3451515.0	380859.0	3408.0
	30.0	31.0	32.0	33.0	34.0	35.0	36.0	37.0	38.0	39.0	40.0
G17_R2_paired	1.0	8.0	1526.0	35882.0	304397.0	1384751.0	4102203.0	6159552.0	2953268.0	313876.0	1209.0
	33.0	34.0	35.0	36.0	37.0	38.0	39.0	40.0
GN0001_R1_paired	20.0	369.0	3962.0	23718.0	99909.0	372482.0	1404935.0	5936766.0
	33.0	34.0	35.0	36.0	37.0	38.0	39.0	40.0
GN0001_R2_paired	30.0	1091.0	14356.0	95924.0	438423.0	1578128.0	3628632.0	2085577.0
	33.0	34.0	35.0	36.0	37.0	38.0	39.0	40.0
GY0040_R1_paired	12.0	317.0	3448.0	19814.0	84813.0	320538.0	1235422.0	5101954.0
	33.0	34.0	35.0	36.0	37.0	38.0	39.0	40.0
GY0040_R2_paired	30.0	1098.0	14963.0	102292.0	464460.0	1568451.0	3107463.0	1507561.0
	33.0	34.0	35.0	36.0	37.0	38.0	39.0	40.0
IN0017_R1_paired	6.0	150.0	1411.0	8272.0	34460.0	159394.0	1276497.0	2105415.0
	33.0	34.0	35.0	36.0	37.0	38.0	39.0	40.0
IN0017_R2_paired	19.0	816.0	9916.0	65049.0	276448.0	864008.0	1623024.0	746325.0
	33.0	34.0	35.0	36.0	37.0	38.0	39.0	40.0
IN0054_R1_paired	17.0	433.0	4063.0	21210.0	79105.0	265840.0	1042462.0	6531171.0
	33.0	34.0	35.0	36.0	37.0	38.0	39.0	40.0
IN0054_R2_paired	32.0	1344.0	17202.0	113848.0	511656.0	1779925.0	3716391.0	1803903.0
	33.0	34.0	35.0	36.0	37.0	38.0	39.0	40.0
IN0059_R1_paired	8.0	185.0	1856.0	9413.0	35235.0	119732.0	482389.0	2932032.0
	33.0	34.0	35.0	36.0	37.0	38.0	39.0	40.0
IN0059_R2_paired	25.0	789.0	9421.0	62872.0	277608.0	904560.0	1652718.0	672857.0
	33.0	34.0	35.0	36.0	37.0	38.0	39.0	40.0
IN0114_R1_paired	19.0	448.0	4673.0	25517.0	105318.0	388579.0	1451143.0	5587526.0
	33.0	34.0	35.0	36.0	37.0	38.0	39.0	40.0
IN0114_R2_paired	25.0	1327.0	17890.0	118892.0	522620.0	1703923.0	3442156.0	1756390.0
	33.0	34.0	35.0	36.0	37.0	38.0	39.0	40.0
IN0115_R1_paired	13.0	397.0	3879.0	20719.0	76643.0	254729.0	1012961.0	7150163.0
	33.0	34.0	35.0	36.0	37.0	38.0	39.0	40.0
IN0115_R2_paired	44.0	1612.0	20787.0	138210.0	619992.0	2092605.0	4016081.0	1630173.0
	33.0	34.0	35.0	36.0	37.0	38.0	39.0	40.0
IN0116_R1_paired	19.0	416.0	4060.0	21998.0	82728.0	281859.0	1124500.0	6516493.0
	33.0	34.0	35.0	36.0	37.0	38.0	39.0	40.0
IN0116_R2_paired	41.0	1416.0	17924.0	117824.0	524193.0	1814156.0	3756996.0	1799523.0
	33.0	34.0	35.0	36.0	37.0	38.0	39.0	40.0
IR00102_R1_paired	21.0	543.0	5963.0	34011.0	145506.0	539873.0	2010689.0	8221885.0
	33.0	34.0	35.0	36.0	37.0	38.0	39.0	40.0
IR00102_R2_paired	43.0	1590.0	21189.0	143225.0	651489.0	2316050.0	5107385.0	2717520.0
	33.0	34.0	35.0	36.0	37.0	38.0	39.0	40.0
IR0013_R1_paired	10.0	342.0	3979.0	24415.0	113944.0	563454.0	3405214.0	4830293.0
	32.0	33.0	34.0	35.0	36.0	37.0	38.0	39.0	40.0
IR0013_R2_paired	2.0	53.0	1789.0	22861.0	150793.0	646685.0	2042930.0	4041824.0	2034714.0
	33.0	34.0	35.0	36.0	37.0	38.0	39.0	40.0
IR0015_R1_paired	11.0	371.0	4355.0	24900.0	108342.0	413551.0	1609322.0	6622168.0
	33.0	34.0	35.0	36.0	37.0	38.0	39.0	40.0
IR0015_R2_paired	46.0	1476.0	19772.0	131852.0	588508.0	2013693.0	4109509.0	1918164.0
	33.0	34.0	35.0	36.0	37.0	38.0	39.0	40.0
IR0083_R1_paired	15.0	300.0	3331.0	20432.0	86901.0	329426.0	1262324.0	5288630.0
	33.0	34.0	35.0	36.0	37.0	38.0	39.0	40.0
IR0083_R2_paired	43.0	1204.0	14909.0	99282.0	440113.0	1502249.0	3215248.0	1718311.0
	33.0	34.0	35.0	36.0	37.0	38.0	39.0	40.0
IR0084_R1_paired	18.0	616.0	7163.0	48596.0	234272.0	851226.0	2611980.0	6376661.0
	33.0	34.0	35.0	36.0	37.0	38.0	39.0	40.0
IR0084_R2_paired	38.0	1555.0	20838.0	143739.0	653160.0	2176880.0	4573209.0	2561113.0
	33.0	34.0	35.0	36.0	37.0	38.0	39.0	40.0
IR0088_R1_paired	21.0	550.0	5967.0	35173.0	149716.0	565058.0	2119970.0	8768378.0
	33.0	34.0	35.0	36.0	37.0	38.0	39.0	40.0
IR0088_R2_paired	48.0	1791.0	22579.0	151123.0	674103.0	2379250.0	5396675.0	3019264.0
	33.0	34.0	35.0	36.0	37.0	38.0	39.0	40.0
IR0095_R1_paired	13.0	589.0	6050.0	35886.0	152548.0	559717.0	2005383.0	8096196.0
	33.0	34.0	35.0	36.0	37.0	38.0	39.0	40.0
IR0095_R2_paired	40.0	1446.0	18589.0	126201.0	571365.0	2069448.0	4966454.0	3102839.0
	33.0	34.0	35.0	36.0	37.0	38.0	39.0	40.0
IT0010_R1_paired	13.0	421.0	4469.0	27514.0	120881.0	517040.0	2798437.0	6848901.0
	32.0	33.0	34.0	35.0	36.0	37.0	38.0	39.0	40.0
IT0010_R2_paired	1.0	45.0	1746.0	23692.0	158300.0	690458.0	2263857.0	4691147.0	2488430.0
	33.0	34.0	35.0	36.0	37.0	38.0	39.0	40.0
JP0091_R1_paired	10.0	392.0	4624.0	26885.0	114338.0	425886.0	1602380.0	6913478.0
	33.0	34.0	35.0	36.0	37.0	38.0	39.0	40.0
JP0091_R2_paired	48.0	1364.0	17376.0	114894.0	518139.0	1826915.0	4161751.0	2447506.0
	33.0	34.0	35.0	36.0	37.0	38.0	39.0	40.0
ML0060_R1_paired	13.0	459.0	5508.0	38868.0	186769.0	677556.0	2065128.0	5162087.0
	33.0	34.0	35.0	36.0	37.0	38.0	39.0	40.0
ML0060_R2_paired	27.0	1255.0	17478.0	121577.0	548574.0	1795447.0	3650598.0	2001432.0
	33.0	34.0	35.0	36.0	37.0	38.0	39.0	40.0
ML0062_R1_paired	21.0	311.0	3080.0	15717.0	58105.0	197623.0	788847.0	4902398.0
	33.0	34.0	35.0	36.0	37.0	38.0	39.0	40.0
ML0062_R2_paired	34.0	965.0	12453.0	83007.0	378800.0	1338558.0	2812672.0	1339613.0
	33.0	34.0	35.0	36.0	37.0	38.0	39.0	40.0
NG0012_R1_paired	10.0	273.0	2459.0	12766.0	46625.0	155284.0	613971.0	3891415.0
	33.0	34.0	35.0	36.0	37.0	38.0	39.0	40.0
NG0012_R2_paired	23.0	892.0	11336.0	77038.0	345684.0	1149085.0	2180835.0	957910.0
	33.0	34.0	35.0	36.0	37.0	38.0	39.0	40.0
NG0054_R1_paired	10.0	217.0	2399.0	12676.0	52422.0	237105.0	1853119.0	3117737.0
	33.0	34.0	35.0	36.0	37.0	38.0	39.0	40.0
NG0054_R2_paired	24.0	992.0	13390.0	87387.0	377074.0	1209933.0	2405882.0	1181003.0
	32.0	33.0	34.0	35.0	36.0	37.0	38.0	39.0	40.0
NP0058_R1_paired	1.0	62.0	1830.0	23784.0	157918.0	680965.0	2118401.0	3408362.0	1055178.0
	33.0	34.0	35.0	36.0	37.0	38.0	39.0	40.0
NP0058_R2_paired	11.0	324.0	3171.0	17361.0	64987.0	221219.0	928645.0	6210783.0
	30.0
P28_R1_paired	8979289.0
	30.0
P28_R2_paired	8979289.0
	30.0
P29_R1_paired	9335310.0
	30.0
P29_R2_paired	9335310.0
	30.0
P3_R1_paired	16130760.0
	30.0
P3_R2_paired	16130760.0
	31.0	32.0	33.0	34.0	35.0	36.0	37.0	38.0	39.0	40.0
PGPA_R1_paired	2.0	782.0	21951.0	211242.0	1052919.0	3652863.0	6767824.0	4086386.0	617465.0	6895.0
	30.0	31.0	32.0	33.0	34.0	35.0	36.0	37.0	38.0	39.0	40.0
PGPA_R2_paired	6.0	11.0	1387.0	34140.0	299796.0	1377970.0	4154410.0	6625972.0	3473238.0	450594.0	805.0
	31.0	32.0	33.0	34.0	35.0	36.0	37.0	38.0	39.0	40.0
PgKY_R1_paired	2.0	733.0	20204.0	190409.0	907126.0	3056911.0	5393417.0	2976506.0	332080.0	2669.0
	30.0	31.0	32.0	33.0	34.0	35.0	36.0	37.0	38.0	39.0	40.0
PgKY_R2_paired	6.0	7.0	925.0	22851.0	215852.0	1059408.0	3377045.0	5346512.0	2594986.0	262005.0	460.0
	31.0	32.0	33.0	34.0	35.0	36.0	37.0	38.0	39.0	40.0
Py0925_R1_paired	4.0	747.0	23170.0	272602.0	1526264.0	4847182.0	7550830.0	4359911.0	819041.0	17155.0
	31.0	32.0	33.0	34.0	35.0	36.0	37.0	38.0	39.0	40.0
Py0925_R2_paired	9.0	1162.0	34325.0	349153.0	1749515.0	5107083.0	7529167.0	3970932.0	668843.0	6717.0
	32.0	33.0	34.0	35.0	36.0	37.0	38.0	39.0
Py36-1_R1_paired	231.0	13895.0	192090.0	1065076.0	3976877.0	11236836.0	6360024.0	94013.0
	31.0	32.0	33.0	34.0	35.0	36.0	37.0	38.0	39.0
Py36-1_R2_paired	14.0	968.0	38699.0	445540.0	1935806.0	5341045.0	10413354.0	4699791.0	63825.0
	32.0	33.0	34.0	35.0	36.0	37.0	38.0	39.0	40.0
Py5033_R1_paired	17.0	457.0	5429.0	31390.0	98093.0	143803.0	76589.0	10855.0	133.0
	32.0	33.0	34.0	35.0	36.0	37.0	38.0	39.0	40.0
Py5033_R2_paired	22.0	655.0	6872.0	35579.0	102852.0	143310.0	69302.0	8137.0	37.0
	31.0	32.0	33.0	34.0	35.0	36.0	37.0	38.0	39.0	40.0
Py510_R1_paired	3.0	432.0	14963.0	170421.0	940446.0	2950888.0	4529333.0	2587040.0	491841.0	11414.0
	31.0	32.0	33.0	34.0	35.0	36.0	37.0	38.0	39.0	40.0
Py510_R2_paired	5.0	678.0	19755.0	204976.0	1052520.0	3097170.0	4539395.0	2369442.0	408016.0	4824.0
	31.0	32.0	33.0	34.0	35.0	36.0	37.0	38.0	39.0	40.0
Py6017_R1_paired	1.0	453.0	15283.0	178843.0	1013746.0	3246443.0	5058716.0	2921362.0	559688.0	13060.0
	31.0	32.0	33.0	34.0	35.0	36.0	37.0	38.0	39.0	40.0
Py6017_R2_paired	5.0	810.0	23439.0	237666.0	1184334.0	3438298.0	5029326.0	2631485.0	457065.0	5167.0
	31.0	32.0	33.0	34.0	35.0	36.0	37.0	38.0	39.0	40.0
Py6045_R1_paired	1.0	706.0	23223.0	254590.0	1363393.0	4205475.0	6555244.0	3865048.0	753497.0	17673.0
	31.0	32.0	33.0	34.0	35.0	36.0	37.0	38.0	39.0	40.0
Py6045_R2_paired	2.0	853.0	26578.0	283679.0	1468494.0	4403316.0	6649850.0	3582521.0	617022.0	6535.0
	31.0	32.0	33.0	34.0	35.0	36.0	37.0	38.0	39.0	40.0
Py86-1_R1_paired	1.0	560.0	19151.0	213320.0	1157807.0	3595592.0	5595607.0	3312384.0	672878.0	16892.0
	31.0	32.0	33.0	34.0	35.0	36.0	37.0	38.0	39.0	40.0
Py86-1_R2_paired	7.0	829.0	24126.0	250756.0	1277690.0	3771872.0	5644229.0	3051740.0	556205.0	6738.0
	32.0	33.0	34.0	35.0	36.0	37.0	38.0	39.0	40.0
SV9610_R1_paired	87.0	4208.0	61194.0	423777.0	1465724.0	2002625.0	809997.0	89683.0	126.0
	31.0	32.0	33.0	34.0	35.0	36.0	37.0	38.0	39.0	40.0
SV9610_R2_paired	1.0	354.0	13612.0	147824.0	701257.0	1647312.0	1687837.0	595250.0	63802.0	172.0
	32.0	33.0	34.0	35.0	36.0	37.0	38.0	39.0	40.0
SV9623_R1_paired	84.0	3739.0	54011.0	380507.0	1351382.0	1935913.0	850517.0	108298.0	156.0
	32.0	33.0	34.0	35.0	36.0	37.0	38.0	39.0	40.0
SV9623_R2_paired	354.0	13153.0	138463.0	647442.0	1529470.0	1634857.0	633891.0	86661.0	316.0
	30.0
T25_R1_paired	13118378.0
	30.0
T25_R2_paired	13118378.0
	33.0	34.0	35.0	36.0	37.0	38.0	39.0	40.0
TG0004_R1_paired	5.0	309.0	3227.0	17608.0	72884.0	261771.0	963760.0	3868187.0
	33.0	34.0	35.0	36.0	37.0	38.0	39.0	40.0
TG0004_R2_paired	23.0	834.0	10938.0	73032.0	326548.0	1103527.0	2355488.0	1317361.0
	32.0	33.0	34.0	35.0	36.0	37.0	38.0	39.0	40.0
TG0032_R1_paired	1.0	14.0	365.0	3482.0	17740.0	65095.0	214429.0	871588.0	6017515.0
	33.0	34.0	35.0	36.0	37.0	38.0	39.0	40.0
TG0032_R2_paired	42.0	1610.0	19553.0	128031.0	567363.0	1866135.0	3373369.0	1234126.0
	33.0	34.0	35.0	36.0	37.0	38.0	39.0	40.0
TN0001_R1_paired	12.0	311.0	3120.0	16497.0	61196.0	208261.0	832128.0	5047177.0
	32.0	33.0	34.0	35.0	36.0	37.0	38.0	39.0	40.0
TN0001_R2_paired	1.0	30.0	1085.0	13419.0	88910.0	399787.0	1391213.0	2888380.0	1385877.0
	33.0	34.0	35.0	36.0	37.0	38.0	39.0	40.0
TN0002_R1_paired	17.0	373.0	3642.0	18641.0	69802.0	234844.0	947959.0	5879952.0
	33.0	34.0	35.0	36.0	37.0	38.0	39.0	40.0
TN0002_R2_paired	36.0	1301.0	16633.0	110865.0	497725.0	1695748.0	3344227.0	1488695.0
	33.0	34.0	35.0	36.0	37.0	38.0	39.0	40.0
TN0050_R1_paired	14.0	303.0	3518.0	21142.0	90018.0	341196.0	1315909.0	5773495.0
	33.0	34.0	35.0	36.0	37.0	38.0	39.0	40.0
TN0050_R2_paired	36.0	1316.0	16715.0	112121.0	490296.0	1644919.0	3445371.0	1834821.0
	32.0	33.0	34.0	35.0	36.0	37.0	38.0	39.0	40.0
TN0057_R1_paired	1.0	16.0	404.0	3676.0	19587.0	73844.0	253827.0	1029289.0	6175878.0
	33.0	34.0	35.0	36.0	37.0	38.0	39.0	40.0
TN0057_R2_paired	42.0	1635.0	20058.0	132133.0	586288.0	1913280.0	3482196.0	1420890.0
	33.0	34.0	35.0	36.0	37.0	38.0	39.0	40.0
TN0065_R1_paired	16.0	345.0	3403.0	19779.0	79369.0	354916.0	2827311.0	4710312.0
	32.0	33.0	34.0	35.0	36.0	37.0	38.0	39.0	40.0
TN0065_R2_paired	2.0	43.0	1728.0	21802.0	142520.0	603959.0	1882545.0	3588901.0	1753951.0
	33.0	34.0	35.0	36.0	37.0	38.0	39.0	40.0
TN0090_R1_paired	8.0	321.0	3085.0	16273.0	60197.0	202625.0	848005.0	5832502.0
	33.0	34.0	35.0	36.0	37.0	38.0	39.0	40.0
TN0090_R2_paired	41.0	1571.0	20588.0	137120.0	607733.0	1936310.0	3233665.0	1025988.0
	33.0	34.0	35.0	36.0	37.0	38.0	39.0	40.0
TR0025_R1_paired	14.0	464.0	5170.0	30578.0	131390.0	493058.0	1846083.0	7219910.0
	33.0	34.0	35.0	36.0	37.0	38.0	39.0	40.0
TR0025_R2_paired	45.0	1487.0	20409.0	132764.0	589309.0	2034068.0	4465977.0	2482608.0
	33.0	34.0	35.0	36.0	37.0	38.0	39.0	40.0
US0041_R1_paired	13.0	246.0	2367.0	12666.0	47271.0	159525.0	650715.0	4187287.0
	33.0	34.0	35.0	36.0	37.0	38.0	39.0	40.0
US0041_R2_paired	21.0	877.0	11860.0	82624.0	384694.0	1295408.0	2363477.0	921129.0
	33.0	34.0	35.0	36.0	37.0	38.0	39.0	40.0
US0064_R1_paired	22.0	442.0	4842.0	28904.0	123559.0	464594.0	1759022.0	7064363.0
	33.0	34.0	35.0	36.0	37.0	38.0	39.0	40.0
US0064_R2_paired	46.0	1431.0	18989.0	127590.0	574132.0	2018016.0	4384267.0	2321277.0
	33.0	34.0	35.0	36.0	37.0	38.0	39.0	40.0
VT0027_R1_paired	9.0	281.0	2491.0	13311.0	49168.0	167415.0	680277.0	3986221.0
	33.0	34.0	35.0	36.0	37.0	38.0	39.0	40.0
VT0027_R2_paired	30.0	873.0	11125.0	73371.0	331847.0	1143694.0	2308553.0	1029680.0
	33.0	34.0	35.0	36.0	37.0	38.0	39.0	40.0
VT0030_R1_paired	12.0	325.0	3106.0	16405.0	61098.0	202401.0	791582.0	5120616.0
	33.0	34.0	35.0	36.0	37.0	38.0	39.0	40.0
VT0030_R2_paired	28.0	946.0	12935.0	85431.0	393383.0	1396417.0	2920341.0	1386064.0

