	37	42	47	52	57	62	67	72	77	82	87	92	97	102	107	112	117	122	127	132	137	142	147	151
12-1-205_R1_paired	14565.0	22294.0	17005.0	18320.0	18968.0	20728.0	22635.0	26984.0	38986.0	18786.0	24495.0	25094.0	33344.0	35745.0	44565.0	53025.0	66484.0	90701.0	114982.0	146031.0	181007.0	239506.0	328249.0	2798668.0
	37	42	47	52	57	62	67	72	77	82	87	92	97	102	107	112	117	122	127	132	137	142	147	151
12-1-205_R2_paired	142066.0	183140.0	173904.0	166940.0	160436.0	159356.0	168735.0	179038.0	227502.0	113178.0	131573.0	174260.0	198161.0	239410.0	281775.0	277093.0	252963.0	232797.0	210992.0	175823.0	147733.0	121580.0	104259.0	178453.0
	37	42	47	52	57	62	67	72	77	82	87	92	97	102	107	112	117	122	127	132	137	142	147	150
AG0004_R1_paired	185245.0	162547.0	81868.0	57156.0	45891.0	46957.0	50396.0	49937.0	63669.0	28540.0	29115.0	33122.0	41217.0	45971.0	55571.0	58616.0	71285.0	86512.0	113450.0	126585.0	135887.0	159094.0	352765.0	5190567.0
	37	42	47	52	57	62	67	72	77	82	87	92	97	102	107	112	117	122	127	132	137	142	147	150
AG0004_R2_paired	185895.0	218111.0	223651.0	221925.0	222932.0	222878.0	226610.0	226641.0	231820.0	113699.0	113843.0	135470.0	155953.0	169346.0	190017.0	216113.0	244031.0	280440.0	308859.0	332142.0	366701.0	377019.0	478369.0	1809498.0
	37	42	47	52	57	62	67	72	77	82	87	92	97	102	107	112	117	122	127	132	137	142	147	152	157	162	167	172	177	182	187	192	197	202	207	212	217	222	227	232	237	242	247	250
B2_R1_paired	3072.0	2600.0	541.0	81.0	113.0	374.0	1053.0	258.0	0.0	2.0	0.0	0.0	1352.0	0.0	0.0	72.0	12.0	1.0	0.0	0.0	10.0	160.0	0.0	0.0	0.0	3.0	323.0	5288.0	8.0	3.0	41.0	4.0	8.0	3.0	5.0	4.0	693.0	4.0	3.0	4.0	14.0	14.0	5.0	7922400.0
	37	42	47	52	57	62	67	72	77	82	87	92	97	102	107	112	117	122	127	132	137	142	147	152	157	162	167	172	177	182	187	192	197	202	207	212	217	222	227	232	237	242	247	250
B2_R2_paired	324.0	281.0	416.0	941.0	125.0	835.0	7.0	1814.0	0.0	59.0	2.0	1614.0	26.0	2.0	45.0	25.0	779.0	556.0	191.0	4.0	547.0	2913.0	9.0	508.0	41.0	2903.0	7.0	1.0	210.0	216.0	703.0	81.0	9.0	3.0	674.0	216.0	332.0	102.0	2205.0	146.0	1020.0	225.0	340.0	7917071.0
	37	42	47	52	57	62	67	72	77	82	87	92	97	102	107	112	117	122	127	132	137	142	147	152	157	162	167	172	177	182	187	192	197	202	207	212	217	222	227	232	237	242	247	250
B51_R1_paired	2678.0	2262.0	474.0	56.0	124.0	329.0	907.0	239.0	0.0	3.0	0.0	0.0	1210.0	0.0	0.0	61.0	3.0	0.0	0.0	0.0	10.0	130.0	0.0	0.0	0.0	2.0	313.0	4724.0	7.0	2.0	38.0	3.0	10.0	3.0	5.0	4.0	593.0	3.0	2.0	3.0	6.0	23.0	7.0	7025855.0
	37	42	47	52	57	62	67	72	77	82	87	92	97	102	107	112	117	122	127	132	137	142	147	152	157	162	167	172	177	182	187	192	197	202	207	212	217	222	227	232	237	242	247	250
B51_R2_paired	248.0	275.0	371.0	862.0	99.0	752.0	5.0	1738.0	0.0	47.0	7.0	1463.0	23.0	4.0	44.0	26.0	652.0	465.0	156.0	2.0	480.0	2519.0	11.0	486.0	43.0	2455.0	10.0	2.0	168.0	217.0	622.0	75.0	12.0	1.0	617.0	192.0	275.0	92.0	1961.0	96.0	895.0	228.0	323.0	7021070.0
	37	42	47	52	57	62	67	72	77	82	87	92	97	102	107	112	117	122	127	132	137	142	147	151
BF0072_R1_paired	15580.0	22189.0	22023.0	24519.0	30118.0	37715.0	51290.0	71994.0	135591.0	68265.0	86850.0	104989.0	120471.0	135691.0	150474.0	161159.0	169316.0	182943.0	187690.0	193794.0	194209.0	198051.0	224204.0	3138312.0
	37	42	47	52	57	62	67	72	77	82	87	92	97	102	107	112	117	122	127	132	137	142	147	151
BF0072_R2_paired	145410.0	169677.0	155708.0	149844.0	155442.0	142511.0	143246.0	146913.0	166103.0	89135.0	98826.0	112130.0	125340.0	143773.0	163695.0	191406.0	224386.0	256404.0	266501.0	294943.0	319307.0	299402.0	309211.0	1458124.0
	37	42	47	52	57	62	67	72	77	82	87	92	97	102	107	112	117	122	127	132	137	142	147	151
BN0019_R1_paired	17907.0	25936.0	21764.0	22398.0	23606.0	24564.0	26710.0	37585.0	58681.0	23081.0	24849.0	27816.0	30064.0	34189.0	38303.0	42915.0	47831.0	57720.0	66417.0	77266.0	87885.0	104501.0	143670.0	6327509.0
	37	42	47	52	57	62	67	72	77	82	87	92	97	102	107	112	117	122	127	132	137	142	147	151
BN0019_R2_paired	283737.0	351846.0	317838.0	289634.0	283247.0	261539.0	258158.0	252912.0	286370.0	151018.0	158723.0	174819.0	185083.0	204283.0	223028.0	252052.0	284151.0	310489.0	313335.0	332604.0	344362.0	311653.0	308123.0	1254163.0
	37	42	47	52	57	62	67	72	77	82	87	92	97	102	107	112	117	122	127	132	137	142	147	151
BN0119_R1_paired	125674.0	162210.0	149758.0	137985.0	137430.0	124694.0	125363.0	123863.0	135753.0	72442.0	80372.0	89614.0	95952.0	106155.0	117421.0	134631.0	154537.0	173364.0	176856.0	193732.0	207189.0	194693.0	199754.0	963617.0
	37	42	47	52	57	62	67	72	77	82	87	92	97	102	107	112	117	122	127	132	137	142	147	151
BN0119_R2_paired	11046.0	13315.0	13114.0	13594.0	14179.0	14846.0	16796.0	18780.0	24236.0	13484.0	14889.0	16541.0	18340.0	21023.0	23735.0	26291.0	29456.0	35181.0	40517.0	47057.0	54046.0	63566.0	86226.0	3552801.0
	37	42	47	52	57	62	67	72	77	82	87	92	97	102	107	112	117	122	127	132	137	142	147	151
BN0123_R1_paired	40790.0	53360.0	34462.0	25693.0	22422.0	21784.0	22278.0	24767.0	32955.0	16697.0	18334.0	20631.0	23149.0	26777.0	31095.0	34395.0	39655.0	47932.0	55589.0	65893.0	75614.0	89756.0	121781.0	4000978.0
	37	42	47	52	57	62	67	72	77	82	87	92	97	102	107	112	117	122	127	132	137	142	147	151
BN0123_R2_paired	128864.0	162090.0	155409.0	150688.0	155181.0	142372.0	145084.0	147269.0	152885.0	84312.0	94489.0	106693.0	114902.0	130071.0	145607.0	166528.0	191507.0	214898.0	217503.0	237872.0	252744.0	235439.0	241936.0	1172444.0
	37	42	47	52	57	62	67	72	77	82	87	92	97	102	107	112	117	122	127	132	137	142	147	151
BN0202_R1_paired	13029.0	16210.0	15827.0	16067.0	17367.0	18213.0	20036.0	22689.0	28776.0	16484.0	17756.0	19906.0	22214.0	24856.0	28342.0	31449.0	35278.0	41772.0	48494.0	56640.0	65022.0	77149.0	105828.0	4655811.0
	37	42	47	52	57	62	67	72	77	82	87	92	97	102	107	112	117	122	127	132	137	142	147	151
BN0202_R2_paired	184014.0	233893.0	217242.0	201336.0	198588.0	181550.0	183161.0	180391.0	191517.0	104114.0	114797.0	126604.0	134453.0	149723.0	163083.0	185129.0	209982.0	231027.0	233476.0	252074.0	261812.0	238552.0	237858.0	1000839.0
	37	42	47	52	57	62	67	72	77	82	87	92	97	102	107	112	117	122	127	132	137	142	147	151
BN0252_R1_paired	19719.0	24355.0	24040.0	24619.0	26138.0	27456.0	30691.0	34273.0	44361.0	24587.0	27294.0	30355.0	33812.0	38549.0	43357.0	47959.0	53891.0	64724.0	75122.0	87241.0	99508.0	119001.0	160346.0	6340547.0
	37	42	47	52	57	62	67	72	77	82	87	92	97	102	107	112	117	122	127	132	137	142	147	151
BN0252_R2_paired	228673.0	286026.0	258571.0	236912.0	234460.0	210510.0	213197.0	213095.0	234089.0	123838.0	137363.0	152040.0	163040.0	182754.0	201578.0	231689.0	267066.0	305204.0	310340.0	345330.0	373879.0	352307.0	368341.0	1871643.0
	36	38	40	42	44	46	48	50	52	54	56	58	60	62	64	66	68	70	72	74	76	78	80	82	84	86	88	90	92	94	96	98	100
Br62_R1_paired	33964.0	33387.0	35706.0	40599.0	44646.0	45886.0	48850.0	51696.0	57814.0	60091.0	57569.0	55635.0	55732.0	55816.0	60198.0	63045.0	58025.0	60624.0	47017.0	44201.0	43789.0	49977.0	46678.0	47942.0	49705.0	47672.0	47398.0	50458.0	82544.0	54790.0	48052.0	261366.0	7573025.0
	36	38	40	42	44	46	48	50	52	54	56	58	60	62	64	66	68	70	72	74	76	78	80	82	84	86	88	90	92	94	96	98	100
Br62_R2_paired	49969.0	55393.0	61705.0	69012.0	79498.0	79418.0	82735.0	87514.0	91732.0	97058.0	102197.0	107897.0	111919.0	117765.0	119388.0	113362.0	107965.0	90536.0	91816.0	90868.0	94086.0	95053.0	86180.0	65460.0	53787.0	51335.0	55292.0	54969.0	70185.0	59758.0	51656.0	252764.0	6615625.0
	34	44	54	64	74	84	94	104	114	124	134	144	154	164	174	184	194	204	214	224	234	244	254	264	274	284	294	300
Br80_R1_paired	24422.0	66465.0	66878.0	65445.0	66281.0	69933.0	71503.0	72863.0	79416.0	81809.0	115758.0	92233.0	97498.0	97813.0	106360.0	112970.0	165966.0	121220.0	128905.0	135954.0	139315.0	138042.0	143053.0	144697.0	145196.0	134977.0	510469.0	259163.0
	34	44	54	64	74	84	94	104	114	124	134	144	154	164	174	184	194	204	214	224	234	244	254	264	274	284	294	300
Br80_R2_paired	55750.0	134218.0	124655.0	129942.0	135460.0	139261.0	136073.0	137821.0	143759.0	147750.0	141285.0	155389.0	164096.0	205231.0	180520.0	181755.0	185537.0	189068.0	171505.0	182083.0	148813.0	143530.0	71929.0	30536.0	12889.0	4452.0	1185.0	112.0
	37	42	47	52	57	62	67	72	77	82	87	92	97	102	107	112	117	122	127	132	137	142	147	151
CD0065_R1_paired	16168.0	21111.0	19990.0	20693.0	21766.0	23034.0	25179.0	30552.0	40922.0	20826.0	22674.0	25434.0	28210.0	32041.0	35868.0	39900.0	44624.0	53253.0	61475.0	71882.0	81966.0	96855.0	131346.0	5372705.0
	37	42	47	52	57	62	67	72	77	82	87	92	97	102	107	112	117	122	127	132	137	142	147	151
CD0065_R2_paired	226840.0	276180.0	246849.0	222461.0	217694.0	196299.0	196436.0	194360.0	213272.0	113737.0	123832.0	136226.0	145254.0	161675.0	178167.0	203175.0	232602.0	260316.0	263291.0	288538.0	306725.0	285834.0	290945.0	1357766.0
	37	42	47	52	57	62	67	72	77	82	87	92	97	102	107	112	117	122	127	132	137	142	147	151
CD0142_R1_paired	23330.0	29173.0	28744.0	29192.0	30558.0	32416.0	36424.0	40635.0	53079.0	29359.0	32227.0	36012.0	40300.0	45359.0	51411.0	57120.0	63774.0	76202.0	87995.0	102398.0	116122.0	138273.0	187744.0	7690283.0
	37	42	47	52	57	62	67	72	77	82	87	92	97	102	107	112	117	122	127	132	137	142	147	151
CD0142_R2_paired	382045.0	424988.0	355825.0	308446.0	293069.0	258405.0	256365.0	253875.0	275033.0	145043.0	158855.0	175027.0	188074.0	210500.0	233542.0	269002.0	311173.0	356469.0	364229.0	406729.0	438876.0	414429.0	431303.0	2146828.0
	37	42	47	52	57	62	67	72	77	82	87	92	97	102	107	112	117	122	127	132	137	142	147	151
CH0043_R1_paired	23823.0	30794.0	28562.0	29452.0	31053.0	32210.0	35048.0	42749.0	59928.0	29609.0	32262.0	35584.0	39245.0	44591.0	50149.0	55163.0	61460.0	74104.0	84007.0	99041.0	111802.0	133406.0	183541.0	8014833.0
	37	42	47	52	57	62	67	72	77	82	87	92	97	102	107	112	117	122	127	132	137	142	147	151
CH0043_R2_paired	328173.0	407678.0	368482.0	337661.0	332585.0	304031.0	304590.0	301934.0	331247.0	176805.0	191991.0	212409.0	227713.0	253183.0	278786.0	314906.0	357726.0	397086.0	402308.0	434902.0	456824.0	419304.0	418432.0	1803660.0
	37	42	47	52	57	62	67	72	77	82	87	92	97	102	107	112	117	122	127	132	137	142	147	151
CH0072_R1_paired	18733.0	26342.0	22185.0	23447.0	24826.0	25159.0	28002.0	44550.0	71721.0	23451.0	24819.0	27974.0	31083.0	34957.0	39068.0	42810.0	48427.0	57824.0	65942.0	76958.0	87417.0	103211.0	140506.0	5680409.0
	37	42	47	52	57	62	67	72	77	82	87	92	97	102	107	112	117	122	127	132	137	142	147	151
CH0072_R2_paired	199866.0	258823.0	238773.0	220904.0	223898.0	205076.0	203903.0	202447.0	254274.0	128721.0	131043.0	145428.0	156555.0	175224.0	193013.0	220028.0	253125.0	283306.0	288485.0	316811.0	337511.0	313509.0	321287.0	1497811.0
	37	42	47	52	57	62	67	72	77	82	87	92	97	102	107	112	117	122	127	132	137	142	147	151
CH0452_R1_paired	44586.0	56569.0	36979.0	27224.0	23611.0	22621.0	23583.0	25536.0	31922.0	17763.0	19097.0	21751.0	24311.0	28069.0	32465.0	36096.0	41566.0	50334.0	58878.0	69347.0	78768.0	94680.0	128052.0	4281408.0
	37	42	47	52	57	62	67	72	77	82	87	92	97	102	107	112	117	122	127	132	137	142	147	151
CH0452_R2_paired	130203.0	164203.0	156577.0	152179.0	157016.0	146530.0	148312.0	150718.0	155243.0	85881.0	97734.0	110423.0	121305.0	135831.0	153073.0	176289.0	203987.0	229163.0	233139.0	255361.0	275282.0	256437.0	264994.0	1315336.0
	37	42	47	52	57	62	67	72	77	82	87	92	97	102	107	112	117	122	127	132	137	142	147	151
CH0461_R1_paired	20703.0	25873.0	24782.0	25923.0	27061.0	28798.0	31810.0	36257.0	46488.0	25893.0	28226.0	31850.0	35296.0	39397.0	44178.0	49318.0	54961.0	65139.0	75757.0	88280.0	100457.0	119158.0	164003.0	7095350.0
	37	42	47	52	57	62	67	72	77	82	87	92	97	102	107	112	117	122	127	132	137	142	147	151
CH0461_R2_paired	303332.0	385561.0	354776.0	331215.0	322781.0	293792.0	294615.0	287853.0	304216.0	164070.0	181741.0	198779.0	211028.0	233320.0	254587.0	285966.0	321549.0	350644.0	351192.0	375141.0	388458.0	350067.0	343965.0	1396310.0
	37	42	47	52	57	62	67	72	77	82	87	92	97	102	107	112	117	122	127	132	137	142	147	151
CH0533_R1_paired	178114.0	222152.0	200994.0	183023.0	181727.0	164005.0	164908.0	164764.0	181309.0	95692.0	105788.0	117400.0	125459.0	140635.0	156172.0	179348.0	208259.0	235816.0	240002.0	267465.0	287434.0	271373.0	279887.0	1396155.0
	37	42	47	52	57	62	67	72	77	82	87	92	97	102	107	112	117	122	127	132	137	142	147	151
CH0533_R2_paired	15340.0	18753.0	18947.0	19127.0	20034.0	21580.0	24119.0	27332.0	36601.0	19181.0	21119.0	23676.0	26848.0	30188.0	34178.0	38475.0	42481.0	51281.0	58983.0	68557.0	78502.0	93433.0	126670.0	4832476.0
	37	42	47	52	57	62	67	72	77	82	87	92	97	102	107	112	117	122	127	132	137	142	147	151
CH1103_R1_paired	13531.0	17178.0	16667.0	17118.0	17776.0	18522.0	20995.0	23071.0	29381.0	16709.0	18500.0	20293.0	22474.0	25627.0	28565.0	31839.0	35639.0	42363.0	47963.0	56458.0	63757.0	75840.0	102728.0	4239754.0
	37	42	47	52	57	62	67	72	77	82	87	92	97	102	107	112	117	122	127	132	137	142	147	151
CH1103_R2_paired	165010.0	202472.0	180254.0	163405.0	160284.0	145056.0	146221.0	144445.0	158628.0	84621.0	93828.0	103681.0	110209.0	122322.0	136838.0	156128.0	179833.0	204423.0	207002.0	228816.0	246875.0	232707.0	240054.0	1189636.0
	37	42	47	52	57	62	67	72	77	82	87	92	97	102	107	112	117	122	127	132	137	142	147	151
CH1164_R1_paired	11100.0	14427.0	13613.0	14012.0	14665.0	15642.0	17337.0	19835.0	26932.0	14032.0	15400.0	17039.0	18979.0	21553.0	24375.0	27044.0	30364.0	35752.0	41271.0	48210.0	54847.0	65102.0	87738.0	3499962.0
	37	42	47	52	57	62	67	72	77	82	87	92	97	102	107	112	117	122	127	132	137	142	147	151
CH1164_R2_paired	180939.0	198917.0	166294.0	143458.0	136249.0	120646.0	119511.0	117677.0	128593.0	68429.0	74020.0	81684.0	87860.0	98132.0	108966.0	125298.0	145026.0	165268.0	169104.0	187130.0	201529.0	188886.0	195372.0	940243.0
	37	42	47	52	57	62	67	72	77	82	87	92	97	102	107	112	117	122	127	132	137	142	147	150
CM0028_R1_paired	42830.0	54996.0	55625.0	62357.0	62172.0	68928.0	77991.0	80773.0	104179.0	49653.0	51412.0	57130.0	71972.0	79382.0	93594.0	98028.0	117060.0	139595.0	182914.0	204726.0	214927.0	251230.0	571522.0	9758961.0
	37	42	47	52	57	62	67	72	77	82	87	92	97	102	107	112	117	122	127	132	137	142	147	150
CM0028_R2_paired	345774.0	439959.0	447927.0	439190.0	426084.0	413216.0	414510.0	407919.0	447336.0	217470.0	211594.0	244926.0	275206.0	296270.0	328896.0	368696.0	412228.0	469079.0	514315.0	553783.0	608053.0	624025.0	786125.0	2859376.0
	36	38	40	42	44	46	48	50	52	54	56	58	60	62	64	66	68	70	72	74	76	78	80	82	84	86	88	90	92	94	96	98	100
EI9411_R1_paired	26272.0	23991.0	26655.0	30501.0	33872.0	37969.0	41848.0	46372.0	51155.0	57224.0	62251.0	68635.0	79208.0	79386.0	84594.0	89876.0	96113.0	98909.0	108559.0	202559.0	73588.0	58039.0	46337.0	51454.0	54330.0	57617.0	60677.0	64933.0	69342.0	75256.0	77940.0	158948.0	2795401.0
	36	38	40	42	44	46	48	50	52	54	56	58	60	62	64	66	68	70	72	74	76	78	80	82	84	86	88	90	92	94	96	98	100
EI9411_R2_paired	58377.0	64421.0	70840.0	80352.0	76738.0	70802.0	95723.0	90586.0	63699.0	40241.0	43473.0	48281.0	52970.0	59655.0	62968.0	69662.0	70684.0	72433.0	81775.0	84684.0	85191.0	90573.0	90741.0	95835.0	94985.0	97935.0	102619.0	99587.0	108661.0	107676.0	110620.0	203497.0	2343527.0
	36	38	40	42	44	46	48	50	52	54	56	58	60	62	64	66	68	70	72	74	76	78	80	82	84	86	88	90	92	94	96	98	100
EI9604_R1_paired	24271.0	22353.0	25045.0	28960.0	31835.0	35677.0	38750.0	44093.0	47955.0	53580.0	57965.0	64747.0	73801.0	74496.0	79283.0	84945.0	90175.0	92792.0	102606.0	185961.0	68427.0	53451.0	43139.0	47686.0	50384.0	53725.0	56348.0	59920.0	64478.0	69202.0	72702.0	147353.0	2494556.0
	36	38	40	42	44	46	48	50	52	54	56	58	60	62	64	66	68	70	72	74	76	78	80	82	84	86	88	90	92	94	96	98	100
EI9604_R2_paired	53340.0	58705.0	64942.0	74014.0	70349.0	65549.0	88388.0	81991.0	57438.0	36827.0	39983.0	43896.0	48466.0	54801.0	57626.0	62865.0	64219.0	65899.0	74906.0	78307.0	77994.0	83195.0	84397.0	88026.0	86882.0	89324.0	93977.0	91106.0	99514.0	99537.0	101302.0	185167.0	2117729.0
	37	42	47	52	57	62	67	72	77	82	87	92	97	102	107	112	117	122	127	132	137	142	147	150
FR1067_R1_paired	37304.0	49012.0	48265.0	53552.0	52553.0	57219.0	63503.0	64889.0	87766.0	41725.0	42749.0	47824.0	60301.0	65962.0	76642.0	81107.0	95891.0	114238.0	148103.0	165954.0	173013.0	201333.0	451715.0	7687916.0
	37	42	47	52	57	62	67	72	77	82	87	92	97	102	107	112	117	122	127	132	137	142	147	150
FR1067_R2_paired	364127.0	422571.0	386372.0	349856.0	327996.0	306397.0	300106.0	288898.0	333013.0	163737.0	153955.0	175767.0	195602.0	208068.0	230726.0	261575.0	294091.0	337111.0	375638.0	413895.0	458262.0	482207.0	629858.0	2508708.0
	37	42	47	52	57	62	67	72	77	82	87	92	97	102	107	112	117	122	127	132	137	142	147	150
FR1069_R1_paired	42238.0	55627.0	54145.0	59028.0	57637.0	63057.0	70190.0	73689.0	103372.0	46704.0	47356.0	53176.0	65065.0	72556.0	85752.0	89020.0	106255.0	127192.0	163906.0	182402.0	192370.0	222429.0	500452.0	8779664.0
	37	42	47	52	57	62	67	72	77	82	87	92	97	102	107	112	117	122	127	132	137	142	147	150
FR1069_R2_paired	300694.0	385274.0	386982.0	369795.0	362857.0	351726.0	349779.0	343504.0	396685.0	198778.0	186037.0	212785.0	238283.0	254958.0	283365.0	319588.0	356662.0	409116.0	449801.0	492427.0	542451.0	565690.0	727296.0	2828749.0
	36	38	40	42	44	46	48	50	52	54	56	58	60	62	64	66	68	70	72	74	76	78	80	82	84	86	88	90	92	94	96	98	100
G17_R1_paired	54400.0	53108.0	57149.0	65164.0	71407.0	73945.0	77455.0	83363.0	92347.0	96072.0	91989.0	87823.0	87177.0	87899.0	94653.0	97481.0	89744.0	92992.0	70501.0	65564.0	64367.0	74657.0	68995.0	70957.0	73860.0	69569.0	68948.0	70027.0	72426.0	77037.0	77257.0	425071.0	12453269.0
	36	38	40	42	44	46	48	50	52	54	56	58	60	62	64	66	68	70	72	74	76	78	80	82	84	86	88	90	92	94	96	98	100
G17_R2_paired	82802.0	92116.0	104361.0	116425.0	132249.0	132088.0	138409.0	144908.0	151549.0	161764.0	168645.0	178305.0	185343.0	194556.0	195676.0	185737.0	175264.0	147535.0	148226.0	146809.0	151054.0	153849.0	139135.0	104080.0	84467.0	79457.0	85962.0	85272.0	111393.0	90375.0	83083.0	411866.0	10693913.0
	37	42	47	52	57	62	67	72	77	82	87	92	97	102	107	112	117	122	127	132	137	142	147	150
GN0001_R1_paired	28076.0	37234.0	36459.0	40845.0	40865.0	44107.0	48708.0	51349.0	73081.0	33031.0	33068.0	36846.0	47589.0	50131.0	59080.0	62131.0	74097.0	87716.0	114092.0	129408.0	133752.0	155505.0	349672.0	6075319.0
	37	42	47	52	57	62	67	72	77	82	87	92	97	102	107	112	117	122	127	132	137	142	147	150
GN0001_R2_paired	182509.0	239259.0	244895.0	240367.0	236674.0	234380.0	233331.0	229652.0	270941.0	134345.0	126396.0	145527.0	163942.0	175344.0	195842.0	220963.0	250805.0	287517.0	317663.0	348723.0	386658.0	403285.0	524629.0	2048514.0
	37	42	47	52	57	62	67	72	77	82	87	92	97	102	107	112	117	122	127	132	137	142	147	150
GY0040_R1_paired	23786.0	30904.0	30814.0	34234.0	33621.0	37552.0	42530.0	43854.0	57173.0	27655.0	28139.0	31587.0	40337.0	43620.0	51126.0	53788.0	63880.0	76389.0	99288.0	112672.0	117184.0	136214.0	309298.0	5240673.0
	37	42	47	52	57	62	67	72	77	82	87	92	97	102	107	112	117	122	127	132	137	142	147	150
GY0040_R2_paired	241103.0	278968.0	254987.0	229590.0	215367.0	202737.0	200153.0	194227.0	220965.0	107071.0	101127.0	116372.0	130752.0	139745.0	156562.0	177531.0	200932.0	231323.0	257312.0	284038.0	318447.0	334036.0	437205.0	1735768.0
	37	42	47	52	57	62	67	72	77	82	87	92	97	102	107	112	117	122	127	132	137	142	147	151
IN0017_R1_paired	8788.0	11820.0	12045.0	13548.0	15995.0	19302.0	26018.0	35502.0	66257.0	34667.0	45483.0	58460.0	69135.0	80819.0	92752.0	102757.0	111062.0	124515.0	129122.0	137104.0	139455.0	144384.0	164177.0	1942438.0
	37	42	47	52	57	62	67	72	77	82	87	92	97	102	107	112	117	122	127	132	137	142	147	151
IN0017_R2_paired	85283.0	100946.0	95523.0	93721.0	98040.0	90853.0	91813.0	95351.0	103886.0	57197.0	64445.0	74190.0	81959.0	94549.0	107265.0	125895.0	147374.0	167543.0	171922.0	190259.0	202861.0	188987.0	192674.0	863069.0
	37	42	47	52	57	62	67	72	77	82	87	92	97	102	107	112	117	122	127	132	137	142	147	151
IN0054_R1_paired	21407.0	26402.0	26126.0	26532.0	27723.0	29649.0	32122.0	37514.0	50633.0	26534.0	29188.0	32445.0	36045.0	40549.0	45828.0	50739.0	56369.0	67340.0	76855.0	89772.0	101739.0	120522.0	163768.0	6728500.0
	37	42	47	52	57	62	67	72	77	82	87	92	97	102	107	112	117	122	127	132	137	142	147	151
IN0054_R2_paired	226774.0	295791.0	272215.0	251652.0	252142.0	230597.0	232313.0	231904.0	257399.0	138158.0	152115.0	167031.0	179530.0	200427.0	220905.0	253947.0	293080.0	329746.0	335812.0	370349.0	397687.0	373287.0	385597.0	1895843.0
	37	42	47	52	57	62	67	72	77	82	87	92	97	102	107	112	117	122	127	132	137	142	147	151
IN0059_R1_paired	9693.0	11940.0	11837.0	11992.0	12265.0	13217.0	14828.0	16327.0	21252.0	12024.0	13352.0	14827.0	16304.0	18385.0	21037.0	23242.0	25928.0	31148.0	35528.0	41460.0	47105.0	55565.0	75268.0	3026326.0
	37	42	47	52	57	62	67	72	77	82	87	92	97	102	107	112	117	122	127	132	137	142	147	151
IN0059_R2_paired	158047.0	173740.0	145010.0	127828.0	118930.0	103210.0	101671.0	99930.0	108574.0	58094.0	63129.0	68860.0	73935.0	82601.0	91903.0	105694.0	122223.0	139432.0	142472.0	157962.0	171460.0	161390.0	168342.0	836413.0
	37	42	47	52	57	62	67	72	77	82	87	92	97	102	107	112	117	122	127	132	137	142	147	151
IN0114_R1_paired	66003.0	85453.0	55174.0	40252.0	34972.0	33752.0	34723.0	40191.0	56689.0	25830.0	28411.0	31400.0	35265.0	40626.0	46648.0	52474.0	59704.0	72683.0	83963.0	100317.0	113765.0	136759.0	184933.0	6103236.0
	37	42	47	52	57	62	67	72	77	82	87	92	97	102	107	112	117	122	127	132	137	142	147	151
IN0114_R2_paired	194895.0	245215.0	234835.0	227144.0	234627.0	218745.0	222337.0	226674.0	242133.0	130201.0	145715.0	164193.0	178383.0	201806.0	224407.0	256507.0	295522.0	331579.0	335894.0	367134.0	389084.0	362212.0	369114.0	1764867.0
	37	42	47	52	57	62	67	72	77	82	87	92	97	102	107	112	117	122	127	132	137	142	147	151
IN0115_R1_paired	20950.0	25396.0	25227.0	25543.0	26685.0	28164.0	31919.0	34541.0	43821.0	26060.0	28353.0	31358.0	34390.0	38978.0	43688.0	48304.0	54676.0	64843.0	73589.0	87304.0	99246.0	117830.0	161277.0	7347362.0
	37	42	47	52	57	62	67	72	77	82	87	92	97	102	107	112	117	122	127	132	137	142	147	151
IN0115_R2_paired	284182.0	363361.0	336266.0	313691.0	306434.0	281319.0	282561.0	277712.0	293508.0	158403.0	176921.0	195302.0	208345.0	231753.0	253762.0	289135.0	328504.0	362245.0	367039.0	396535.0	415687.0	380860.0	381133.0	1634846.0
	37	42	47	52	57	62	67	72	77	82	87	92	97	102	107	112	117	122	127	132	137	142	147	151
IN0116_R1_paired	22081.0	27156.0	27164.0	28125.0	28841.0	30650.0	34322.0	38561.0	51507.0	27676.0	30222.0	34158.0	37491.0	43046.0	48825.0	53799.0	59899.0	72539.0	82633.0	95567.0	108464.0	129529.0	174668.0	6745150.0
	37	42	47	52	57	62	67	72	77	82	87	92	97	102	107	112	117	122	127	132	137	142	147	151
IN0116_R2_paired	257807.0	319581.0	290231.0	270559.0	265265.0	234829.0	235639.0	234216.0	258061.0	137266.0	150756.0	166623.0	177281.0	198746.0	220318.0	250919.0	289494.0	313996.0	334625.0	368725.0	397725.0	371781.0	381334.0	1906296.0
	37	42	47	52	57	62	67	72	77	82	87	92	97	102	107	112	117	122	127	132	137	142	147	150
IR00102_R1_paired	41508.0	56184.0	53362.0	59614.0	59181.0	63680.0	71439.0	74390.0	104847.0	46921.0	47638.0	53833.0	68549.0	72640.0	84934.0	89561.0	105955.0	125733.0	162152.0	183450.0	188904.0	220248.0	492075.0	8431693.0
	37	42	47	52	57	62	67	72	77	82	87	92	97	102	107	112	117	122	127	132	137	142	147	150
IR00102_R2_paired	304396.0	385913.0	382761.0	364179.0	354012.0	342038.0	336527.0	328229.0	387302.0	191462.0	179896.0	204439.0	229114.0	244656.0	271751.0	306115.0	343742.0	393661.0	434684.0	475091.0	524811.0	547157.0	705753.0	2720802.0
	37	42	47	52	57	62	67	72	77	82	87	92	97	102	107	112	117	122	127	132	137	142	147	150
IR0013_R1_paired	32418.0	47263.0	44551.0	52610.0	54546.0	67033.0	82968.0	101014.0	194941.0	83319.0	97746.0	125498.0	160815.0	187764.0	228189.0	250233.0	286002.0	323850.0	382167.0	390123.0	383877.0	399796.0	643104.0	4321824.0
	37	42	47	52	57	62	67	72	77	82	87	92	97	102	107	112	117	122	127	132	137	142	147	150
IR0013_R2_paired	263827.0	300174.0	291329.0	282599.0	278857.0	272104.0	270432.0	266998.0	296202.0	146366.0	138903.0	162584.0	186618.0	203624.0	229182.0	262711.0	296901.0	343782.0	380373.0	410701.0	456321.0	471671.0	592540.0	2136852.0
	37	42	47	52	57	62	67	72	77	82	87	92	97	102	107	112	117	122	127	132	137	142	147	150
IR0015_R1_paired	32670.0	44042.0	41197.0	46274.0	45360.0	49544.0	54845.0	58015.0	84262.0	37145.0	37310.0	41825.0	53803.0	56975.0	67291.0	70181.0	83254.0	99478.0	129385.0	146527.0	153112.0	176847.0	397740.0	6775938.0
	37	42	47	52	57	62	67	72	77	82	87	92	97	102	107	112	117	122	127	132	137	142	147	150
IR0015_R2_paired	257995.0	332207.0	331626.0	316945.0	308005.0	300536.0	294142.0	289630.0	329016.0	164175.0	154461.0	175805.0	196470.0	210998.0	233855.0	261144.0	290402.0	329573.0	359474.0	384020.0	420185.0	427188.0	534283.0	1880885.0
	37	42	47	52	57	62	67	72	77	82	87	92	97	102	107	112	117	122	127	132	137	142	147	150
IR0083_R1_paired	25906.0	32849.0	33155.0	37347.0	36537.0	39747.0	44091.0	46161.0	63518.0	29733.0	30440.0	34102.0	41935.0	45964.0	54345.0	57020.0	67780.0	80143.0	104682.0	117096.0	121458.0	141952.0	320338.0	5385060.0
	37	42	47	52	57	62	67	72	77	82	87	92	97	102	107	112	117	122	127	132	137	142	147	150
IR0083_R2_paired	180808.0	235579.0	240184.0	231876.0	227829.0	221900.0	220838.0	216488.0	249031.0	122371.0	118177.0	135710.0	152576.0	162765.0	179843.0	201792.0	224648.0	257313.0	282303.0	306796.0	337265.0	349439.0	446408.0	1689420.0
	37	42	47	52	57	62	67	72	77	82	87	92	97	102	107	112	117	122	127	132	137	142	147	150
IR0084_R1_paired	251142.0	226625.0	118211.0	85769.0	70298.0	69562.0	73717.0	74014.0	100421.0	43162.0	43473.0	49183.0	62751.0	69016.0	82514.0	86956.0	104147.0	126078.0	164535.0	183537.0	193933.0	226906.0	496706.0	7127876.0
	37	42	47	52	57	62	67	72	77	82	87	92	97	102	107	112	117	122	127	132	137	142	147	150
IR0084_R2_paired	245688.0	293451.0	302231.0	305762.0	306644.0	308037.0	312674.0	312644.0	330466.0	164965.0	162756.0	192956.0	220500.0	241224.0	267874.0	306348.0	344720.0	395320.0	435027.0	466823.0	514905.0	529308.0	667855.0	2502354.0
	37	42	47	52	57	62	67	72	77	82	87	92	97	102	107	112	117	122	127	132	137	142	147	150
IR0088_R1_paired	42813.0	56033.0	56531.0	62261.0	61101.0	65851.0	73091.0	75766.0	101452.0	47466.0	47706.0	55077.0	69632.0	75036.0	87794.0	92963.0	109671.0	132347.0	170456.0	189770.0	200185.0	230427.0	517598.0	9023806.0
	37	42	47	52	57	62	67	72	77	82	87	92	97	102	107	112	117	122	127	132	137	142	147	150
IR0088_R2_paired	299539.0	389510.0	399190.0	388736.0	380607.0	371603.0	368962.0	363136.0	414730.0	204393.0	196529.0	223946.0	253651.0	271079.0	299634.0	337706.0	377438.0	430616.0	472424.0	514006.0	563900.0	581613.0	742144.0	2799741.0
	37	42	47	52	57	62	67	72	77	82	87	92	97	102	107	112	117	122	127	132	137	142	147	150
IR0095_R1_paired	43756.0	59282.0	56625.0	63389.0	62203.0	66772.0	74001.0	77581.0	118077.0	48668.0	48808.0	55162.0	68512.0	73809.0	86715.0	90839.0	107670.0	128228.0	165142.0	183890.0	190543.0	221741.0	488471.0	8276498.0
	37	42	47	52	57	62	67	72	77	82	87	92	97	102	107	112	117	122	127	132	137	142	147	150
IR0095_R2_paired	267993.0	342905.0	346969.0	333953.0	328690.0	319815.0	317356.0	311012.0	376418.0	190132.0	171189.0	197044.0	221920.0	235698.0	261115.0	296907.0	333108.0	382249.0	425380.0	466454.0	520378.0	546552.0	715821.0	2947324.0
	37	42	47	52	57	62	67	72	77	82	87	92	97	102	107	112	117	122	127	132	137	142	147	150
IT0010_R1_paired	33071.0	43341.0	43618.0	49853.0	50317.0	57735.0	68733.0	75651.0	117873.0	54464.0	58771.0	72329.0	96158.0	115267.0	142777.0	162077.0	201095.0	246064.0	320394.0	356427.0	378668.0	434564.0	788246.0	6350183.0
	37	42	47	52	57	62	67	72	77	82	87	92	97	102	107	112	117	122	127	132	137	142	147	150
IT0010_R2_paired	272722.0	320581.0	316077.0	308197.0	303865.0	298185.0	301837.0	297956.0	332654.0	159796.0	156026.0	183029.0	210569.0	229309.0	260076.0	297092.0	336886.0	391988.0	435647.0	475101.0	532766.0	554106.0	708929.0	2634282.0
	37	42	47	52	57	62	67	72	77	82	87	92	97	102	107	112	117	122	127	132	137	142	147	150
JP0091_R1_paired	32236.0	41274.0	41662.0	46792.0	45772.0	50126.0	56422.0	59201.0	80860.0	37374.0	37794.0	41985.0	52165.0	57793.0	67312.0	71607.0	84089.0	101285.0	131632.0	146506.0	153152.0	179253.0	405990.0	7065711.0
	37	42	47	52	57	62	67	72	77	82	87	92	97	102	107	112	117	122	127	132	137	142	147	150
JP0091_R2_paired	208978.0	269420.0	276881.0	268322.0	265596.0	261105.0	263343.0	260922.0	305034.0	150061.0	141434.0	165548.0	186640.0	200558.0	223869.0	254768.0	286550.0	330897.0	367398.0	404759.0	451375.0	473673.0	616925.0	2453937.0
	37	42	47	52	57	62	67	72	77	82	87	92	97	102	107	112	117	122	127	132	137	142	147	150
ML0060_R1_paired	211213.0	185600.0	92368.0	64334.0	52617.0	52677.0	56246.0	56597.0	73577.0	32479.0	32540.0	36638.0	48223.0	51509.0	61988.0	65714.0	78676.0	95221.0	125743.0	143206.0	150577.0	177314.0	396122.0	5795209.0
	37	42	47	52	57	62	67	72	77	82	87	92	97	102	107	112	117	122	127	132	137	142	147	150
ML0060_R2_paired	196469.0	233368.0	238767.0	239683.0	241382.0	244493.0	249393.0	251427.0	258499.0	126905.0	126276.0	150017.0	174638.0	190533.0	215114.0	246167.0	277515.0	318690.0	352386.0	380243.0	420810.0	434400.0	547820.0	2021393.0
	37	42	47	52	57	62	67	72	77	82	87	92	97	102	107	112	117	122	127	132	137	142	147	151
ML0062_R1_paired	14916.0	18788.0	18626.0	18821.0	20344.0	21085.0	23793.0	26988.0	34377.0	19264.0	21332.0	23987.0	26308.0	29984.0	33555.0	37576.0	41848.0	50061.0	57273.0	66788.0	76174.0	90426.0	122824.0	5070964.0
	37	42	47	52	57	62	67	72	77	82	87	92	97	102	107	112	117	122	127	132	137	142	147	151
ML0062_R2_paired	189365.0	231790.0	206992.0	187690.0	185225.0	167380.0	168290.0	167966.0	183969.0	97607.0	108136.0	119986.0	129136.0	143781.0	160974.0	184693.0	213861.0	243531.0	248527.0	277889.0	299663.0	284021.0	295396.0	1470234.0
	37	42	47	52	57	62	67	72	77	82	87	92	97	102	107	112	117	122	127	132	137	142	147	151
NG0012_R1_paired	12586.0	15605.0	15308.0	15583.0	16615.0	17362.0	19295.0	21468.0	27746.0	15517.0	16824.0	18983.0	21131.0	23778.0	26671.0	29664.0	33107.0	39715.0	45748.0	52555.0	60255.0	71584.0	97391.0	4008312.0
	37	42	47	52	57	62	67	72	77	82	87	92	97	102	107	112	117	122	127	132	137	142	147	151
NG0012_R2_paired	196428.0	217266.0	180673.0	155386.0	147849.0	131448.0	129972.0	127716.0	139432.0	74010.0	81116.0	89679.0	95422.0	107016.0	119383.0	136965.0	160192.0	183153.0	187721.0	210762.0	229775.0	217242.0	229570.0	1174627.0
	37	42	47	52	57	62	67	72	77	82	87	92	97	102	107	112	117	122	127	132	137	142	147	151
NG0054_R1_paired	13152.0	18208.0	17870.0	20070.0	23602.0	28212.0	38445.0	52347.0	96594.0	50354.0	65185.0	82505.0	98371.0	114674.0	131508.0	144721.0	156900.0	175128.0	185394.0	195606.0	199940.0	208273.0	237961.0	2920665.0
	37	42	47	52	57	62	67	72	77	82	87	92	97	102	107	112	117	122	127	132	137	142	147	151
NG0054_R2_paired	116597.0	138218.0	131003.0	127351.0	134705.0	124388.0	127085.0	131776.0	147964.0	79693.0	89920.0	103846.0	116157.0	134334.0	153463.0	181132.0	213893.0	244071.0	253963.0	284002.0	305723.0	285618.0	293996.0	1356787.0
	37	42	47	52	57	62	67	72	77	82	87	92	97	102	107	112	117	122	127	132	137	142	147	151
NP0058_R1_paired	299055.0	376562.0	342570.0	315173.0	305953.0	280606.0	280584.0	274762.0	287166.0	156750.0	170629.0	186956.0	198122.0	218075.0	235769.0	262106.0	292709.0	315321.0	314303.0	330250.0	336768.0	297665.0	287024.0	1081623.0
	37	42	47	52	57	62	67	72	77	82	87	92	97	102	107	112	117	122	127	132	137	142	147	151
NP0058_R2_paired	18668.0	23174.0	22488.0	22948.0	24068.0	25388.0	27161.0	32417.0	42394.0	22981.0	25345.0	28667.0	31563.0	35754.0	40109.0	44511.0	49564.0	59216.0	68512.0	80459.0	91610.0	109242.0	149664.0	6370598.0
	87	92	97	102	107	112	117	122	127	132	137	142	147	152	157	162	167	172	177	182	187	192	197	202	207	212	217	222	227	232	237	242	247	252	257	262	267	272	277	282	287	292	297	300
P28_R1_paired	10.0	0.0	0.0	2.0	0.0	0.0	1.0	1.0	0.0	0.0	0.0	0.0	0.0	0.0	0.0	0.0	0.0	0.0	0.0	0.0	3.0	35.0	0.0	0.0	0.0	0.0	0.0	0.0	0.0	0.0	0.0	0.0	0.0	0.0	0.0	0.0	0.0	0.0	0.0	0.0	0.0	0.0	0.0	8979237.0
	52	57	62	67	72	77	82	87	92	97	102	107	112	117	122	127	132	137	142	147	152	157	162	167	172	177	182	187	192	197	202	207	212	217	222	227	232	237	242	247	252	257	262	267	272	277	282	287	292	297	300
P28_R2_paired	3.0	0.0	0.0	0.0	0.0	0.0	0.0	0.0	0.0	0.0	0.0	0.0	0.0	0.0	0.0	6.0	0.0	4.0	23.0	10.0	0.0	0.0	0.0	0.0	0.0	8.0	0.0	0.0	0.0	0.0	0.0	22.0	0.0	0.0	2.0	0.0	0.0	0.0	0.0	1.0	0.0	3.0	0.0	0.0	0.0	0.0	0.0	40.0	0.0	0.0	8979167.0
	87	92	97	102	107	112	117	122	127	132	137	142	147	152	157	162	167	172	177	182	187	192	197	202	207	212	217	222	227	232	237	242	247	252	257	262	267	272	277	282	287	292	297	300
P29_R1_paired	12.0	0.0	0.0	1.0	0.0	0.0	2.0	2.0	0.0	0.0	0.0	0.0	0.0	0.0	0.0	0.0	0.0	0.0	0.0	0.0	0.0	45.0	0.0	0.0	0.0	0.0	0.0	0.0	0.0	0.0	0.0	0.0	0.0	0.0	0.0	0.0	0.0	0.0	0.0	0.0	0.0	0.0	0.0	9335248.0
	52	57	62	67	72	77	82	87	92	97	102	107	112	117	122	127	132	137	142	147	152	157	162	167	172	177	182	187	192	197	202	207	212	217	222	227	232	237	242	247	252	257	262	267	272	277	282	287	292	297	300
P29_R2_paired	2.0	0.0	0.0	1.0	0.0	0.0	0.0	0.0	1.0	0.0	0.0	0.0	0.0	0.0	0.0	9.0	0.0	8.0	25.0	15.0	0.0	0.0	0.0	0.0	0.0	13.0	0.0	0.0	0.0	0.0	0.0	22.0	0.0	0.0	1.0	0.0	0.0	0.0	0.0	0.0	0.0	1.0	0.0	0.0	0.0	0.0	0.0	55.0	0.0	0.0	9335157.0
	72	77	82	87	92	97	102	107	112	117	122	127	132	137	142	147	152	157	162	167	172	177	182	187	192	197	202	207	212	217	222	227	232	237	242	247	252	257	262	267	272	277	282	287	292	297	300
P3_R1_paired	1.0	0.0	0.0	0.0	0.0	0.0	0.0	0.0	0.0	0.0	0.0	0.0	0.0	2.0	0.0	0.0	0.0	0.0	0.0	0.0	0.0	0.0	0.0	0.0	0.0	0.0	0.0	0.0	0.0	0.0	2.0	0.0	1.0	0.0	0.0	0.0	0.0	0.0	0.0	2.0	3.0	0.0	3.0	1.0	4.0	0.0	16130741.0
	172	177	182	187	192	197	202	207	212	217	222	227	232	237	242	247	252	257	262	267	272	277	282	287	292
P3_R2_paired	410513.0	1627101.0	813167.0	409596.0	1211662.0	0.0	1.0	0.0	0.0	0.0	1.0	0.0	2.0	3.0	8.0	782942.0	58187.0	754836.0	821878.0	863182.0	1286215.0	111.0	1770008.0	3979948.0	1341399.0
	36	38	40	42	44	46	48	50	52	54	56	58	60	62	64	66	68	70	72	74	76	78	80	82	84	86	88	90	92	94	96	98	100
PGPA_R1_paired	56198.0	54704.0	59094.0	66946.0	73852.0	75253.0	79342.0	84357.0	94505.0	97135.0	93358.0	89959.0	89639.0	89786.0	97470.0	100770.0	93126.0	97464.0	75409.0	69381.0	68452.0	79013.0	73107.0	75370.0	78619.0	74377.0	73635.0	75214.0	76661.0	81803.0	82283.0	449265.0	13492782.0
	36	38	40	42	44	46	48	50	52	54	56	58	60	62	64	66	68	70	72	74	76	78	80	82	84	86	88	90	92	94	96	98	100
PGPA_R2_paired	80647.0	90262.0	102727.0	115477.0	132201.0	132160.0	137966.0	145073.0	150902.0	161925.0	168867.0	179175.0	186944.0	196728.0	199518.0	188459.0	179409.0	150858.0	151447.0	150002.0	155657.0	157771.0	142181.0	107067.0	87720.0	81435.0	89201.0	87024.0	87688.0	96609.0	89345.0	449662.0	11786222.0
	36	38	40	42	44	46	48	50	52	54	56	58	60	62	64	66	68	70	72	74	76	78	80	82	84	86	88	90	92	94	96	98	100
PgKY_R1_paired	46129.0	45594.0	49350.0	55097.0	61363.0	62899.0	65676.0	70276.0	78022.0	79269.0	76486.0	74176.0	72341.0	73113.0	78698.0	80065.0	74449.0	77747.0	59091.0	55316.0	53859.0	61579.0	57387.0	58825.0	61052.0	57219.0	56670.0	57745.0	58829.0	63356.0	62903.0	342468.0	10553008.0
	36	38	40	42	44	46	48	50	52	54	56	58	60	62	64	66	68	70	72	74	76	78	80	82	84	86	88	90	92	94	96	98	100
PgKY_R2_paired	58396.0	65983.0	78582.0	86946.0	100718.0	99182.0	102321.0	107590.0	112544.0	118809.0	124859.0	133050.0	137966.0	145698.0	147987.0	139575.0	132924.0	111907.0	112402.0	111621.0	115653.0	117220.0	106405.0	79160.0	62867.0	58831.0	65452.0	62019.0	63780.0	71570.0	65084.0	334357.0	9448599.0
	36	38	40	42	44	46	48	50	52	54	56	58	60	62	64	66	68	70	72	74	76	78	80	82	84	86	88	90	92	94	96	98
Py0925_R1_paired	167906.0	134879.0	150073.0	166364.0	171448.0	186311.0	208276.0	153393.0	148635.0	146240.0	167633.0	178354.0	182244.0	186057.0	217651.0	229281.0	223606.0	231780.0	306948.0	312055.0	231000.0	164541.0	169489.0	184548.0	199252.0	202552.0	207582.0	228177.0	239454.0	228226.0	349875.0	13143076.0
	36	38	40	42	44	46	48	50	52	54	56	58	60	62	64	66	68	70	72	74	76	78	80	82	84	86	88	90	92	94	96	98	100
Py0925_R2_paired	154908.0	162412.0	153520.0	163843.0	163401.0	183806.0	286065.0	282727.0	228516.0	179855.0	193430.0	215805.0	151417.0	153088.0	149851.0	165799.0	168563.0	174550.0	182649.0	203985.0	195785.0	207308.0	236251.0	231863.0	233563.0	238714.0	261662.0	273986.0	283353.0	322350.0	290594.0	3121354.0	9801933.0
	36	38	40	42	44	46	48	50	52	54	56	58	60	62	64	66	68	70	72	74	76	78	80	82	84	86	88	90	92	94	96	98
Py36-1_R1_paired	152989.0	148224.0	137582.0	139172.0	90777.0	91312.0	98934.0	100316.0	107276.0	117359.0	119919.0	128539.0	143225.0	151883.0	158808.0	159714.0	166383.0	171915.0	263604.0	240850.0	161018.0	149694.0	153335.0	161936.0	168905.0	167409.0	192947.0	192062.0	222958.0	319157.0	322506.0	17838334.0
	36	38	40	42	44	46	48	50	52	54	56	58	60	62	64	66	68	70	72	74	76	78	80	82	84	86	88	90	92	94	96	98
Py36-1_R2_paired	237967.0	260863.0	287557.0	263582.0	233667.0	240563.0	339438.0	323466.0	268176.0	245853.0	275836.0	217970.0	166139.0	173298.0	176723.0	181346.0	189492.0	203186.0	210771.0	217721.0	230705.0	237037.0	256515.0	259275.0	266239.0	269874.0	284357.0	304599.0	302163.0	360111.0	693452.0	14761101.0
	36	38	40	42	44	46	48	50	52	54	56	58	60	62	64	66	68	70	72	74	76	78	80	82	84	86	88	90	92	94	96	98
Py5033_R1_paired	3417.0	2752.0	3097.0	3493.0	3567.0	3863.0	4363.0	3135.0	2979.0	2967.0	3366.0	3540.0	3726.0	3684.0	4308.0	4582.0	4300.0	4610.0	6117.0	6162.0	4538.0	3145.0	3361.0	3429.0	3842.0	3921.0	4010.0	4377.0	4774.0	5882.0	6790.0	240669.0
	36	38	40	42	44	46	48	50	52	54	56	58	60	62	64	66	68	70	72	74	76	78	80	82	84	86	88	90	92	94	96	98	100
Py5033_R2_paired	3176.0	3273.0	3089.0	3293.0	3313.0	3703.0	6068.0	5801.0	4525.0	3611.0	3941.0	4326.0	2988.0	3025.0	2989.0	3257.0	3406.0	3367.0	3488.0	4072.0	3765.0	4030.0	4513.0	4399.0	4480.0	4573.0	5032.0	5220.0	5500.0	6025.0	5637.0	58827.0	180054.0
	36	38	40	42	44	46	48	50	52	54	56	58	60	62	64	66	68	70	72	74	76	78	80	82	84	86	88	90	92	94	96	98
Py510_R1_paired	103372.0	83021.0	91191.0	102518.0	105005.0	114789.0	128558.0	93712.0	90515.0	88795.0	101201.0	108854.0	111097.0	112451.0	131668.0	138550.0	134674.0	139602.0	186150.0	189327.0	139687.0	99178.0	103295.0	111375.0	120089.0	122024.0	125322.0	138597.0	144258.0	185711.0	210251.0	7841944.0
	36	38	40	42	44	46	48	50	52	54	56	58	60	62	64	66	68	70	72	74	76	78	80	82	84	86	88	90	92	94	96	98	100
Py510_R2_paired	90579.0	96291.0	90675.0	96740.0	97293.0	110117.0	171520.0	171426.0	138795.0	108295.0	115981.0	129570.0	90015.0	90328.0	88771.0	97840.0	100290.0	103478.0	108780.0	121041.0	116406.0	123225.0	139900.0	136869.0	138209.0	141708.0	155315.0	163135.0	167733.0	189475.0	173114.0	1900703.0	5933164.0
	36	38	40	42	44	46	48	50	52	54	56	58	60	62	64	66	68	70	72	74	76	78	80	82	84	86	88	90	92	94	96	98
Py6017_R1_paired	111242.0	88839.0	98503.0	110066.0	112439.0	123291.0	137930.0	101410.0	99177.0	97063.0	111135.0	118007.0	121011.0	124521.0	144815.0	152049.0	148956.0	154083.0	204241.0	207222.0	152485.0	108881.0	112459.0	122068.0	132423.0	134113.0	137213.0	150385.0	158683.0	204741.0	233198.0	8794946.0
	36	38	40	42	44	46	48	50	52	54	56	58	60	62	64	66	68	70	72	74	76	78	80	82	84	86	88	90	92	94	96	98	100
Py6017_R2_paired	104931.0	110207.0	103950.0	110824.0	111047.0	124679.0	194079.0	191500.0	154626.0	121108.0	131044.0	145448.0	102669.0	103332.0	101631.0	111988.0	113229.0	118391.0	124065.0	138996.0	132318.0	140545.0	158839.0	156453.0	158207.0	161551.0	176210.0	185082.0	190725.0	215897.0	196928.0	2093135.0	6523961.0
	36	38	40	42	44	46	48	50	52	54	56	58	60	62	64	66	68	70	72	74	76	78	80	82	84	86	88	90	92	94	96	98
Py6045_R1_paired	150962.0	121221.0	135121.0	149789.0	153664.0	166477.0	186563.0	136307.0	131570.0	129549.0	148145.0	158000.0	161000.0	163460.0	191102.0	200315.0	195471.0	202136.0	267728.0	275160.0	205045.0	146959.0	151958.0	164138.0	177644.0	180569.0	187077.0	206424.0	216120.0	358763.0	1251129.0	10369284.0
	36	38	40	42	44	46	48	50	52	54	56	58	60	62	64	66	68	70	72	74	76	78	80	82	84	86	88	90	92	94	96	98	100
Py6045_R2_paired	127680.0	133789.0	126471.0	136198.0	135102.0	152006.0	241350.0	241028.0	196683.0	153310.0	165180.0	183222.0	127054.0	128570.0	124903.0	139072.0	140379.0	145856.0	153173.0	171374.0	164061.0	173545.0	197843.0	193936.0	195016.0	199772.0	220333.0	232084.0	237830.0	273491.0	321429.0	2772423.0	8734687.0
	36	38	40	42	44	46	48	50	52	54	56	58	60	62	64	66	68	70	72	74	76	78	80	82	84	86	88	90	92	94	96	98
Py86-1_R1_paired	128411.0	103086.0	114569.0	128051.0	130659.0	141358.0	158689.0	116227.0	112508.0	110199.0	126839.0	135418.0	137546.0	140056.0	164056.0	171751.0	168137.0	173249.0	229224.0	235124.0	173856.0	124787.0	128908.0	140765.0	151504.0	154067.0	158894.0	175512.0	185814.0	311083.0	1082592.0	8871253.0
	36	38	40	42	44	46	48	50	52	54	56	58	60	62	64	66	68	70	72	74	76	78	80	82	84	86	88	90	92	94	96	98	100
Py86-1_R2_paired	112055.0	117137.0	110878.0	119534.0	119031.0	134306.0	210045.0	208684.0	168304.0	132482.0	141918.0	157416.0	109848.0	111810.0	109443.0	120972.0	123232.0	127079.0	134097.0	149261.0	142710.0	151152.0	172447.0	169190.0	170787.0	174457.0	191253.0	200811.0	207590.0	238852.0	279521.0	2354275.0	7413615.0
	36	38	40	42	44	46	48	50	52	54	56	58	60	62	64	66	68	70	72	74	76	78	80	82	84	86	88	90	92	94	96	98	100
SV9610_R1_paired	26504.0	24128.0	27289.0	31457.0	35086.0	39868.0	43278.0	48641.0	53517.0	59402.0	64713.0	72434.0	82169.0	82921.0	88835.0	94087.0	99115.0	103374.0	112711.0	207961.0	74944.0	58071.0	47284.0	51856.0	55086.0	58035.0	61135.0	65298.0	69881.0	75533.0	78416.0	157443.0	2606949.0
	36	38	40	42	44	46	48	50	52	54	56	58	60	62	64	66	68	70	72	74	76	78	80	82	84	86	88	90	92	94	96	98	100
SV9610_R2_paired	60031.0	66664.0	73953.0	84242.0	79797.0	73889.0	99929.0	94761.0	65757.0	41571.0	45218.0	49998.0	54765.0	62357.0	65278.0	71086.0	73052.0	75199.0	83728.0	86938.0	87321.0	92641.0	93288.0	98640.0	97077.0	99796.0	103795.0	102375.0	110880.0	110138.0	112209.0	203126.0	2137922.0
	36	38	40	42	44	46	48	50	52	54	56	58	60	62	64	66	68	70	72	74	76	78	80	82	84	86	88	90	92	94	96	98	100
SV9623_R1_paired	24287.0	22218.0	25086.0	28675.0	32178.0	36106.0	39595.0	44449.0	49321.0	54827.0	59371.0	65995.0	76353.0	77305.0	82301.0	87136.0	92706.0	96118.0	105719.0	194396.0	70906.0	55069.0	44374.0	49165.0	52051.0	55497.0	58586.0	62015.0	66636.0	71828.0	74749.0	152264.0	2577325.0
	36	38	40	42	44	46	48	50	52	54	56	58	60	62	64	66	68	70	72	74	76	78	80	82	84	86	88	90	92	94	96	98	100
SV9623_R2_paired	56332.0	61334.0	68091.0	77910.0	73808.0	68584.0	92990.0	87136.0	61466.0	38959.0	41804.0	46806.0	51531.0	57686.0	60879.0	66799.0	68273.0	69644.0	79252.0	82704.0	81953.0	87756.0	88014.0	93273.0	92200.0	94051.0	98145.0	95883.0	104364.0	104436.0	106983.0	194224.0	2131337.0
	37	42	47	52	57	62	67	72	77	82	87	92	97	102	107	112	117	122	127	132	137	142	147	152	157	162	167	172	177	182	187	192	197	202	207	212	217	222	227	232	237	242	247	250
T25_R1_paired	232.0	828.0	197.0	295.0	14.0	296.0	111.0	347.0	206.0	562.0	46.0	111.0	139.0	785.0	145.0	49.0	190.0	22.0	3.0	77.0	15.0	82.0	256.0	158.0	277.0	21.0	27.0	115.0	96.0	7.0	1311.0	1697.0	1294.0	1053.0	1225.0	87.0	432.0	20577.0	537.0	43.0	1665.0	22.0	1848.0	13080878.0
	37	42	47	52	57	62	67	72	77	82	87	92	97	102	107	112	117	122	127	132	137	142	147	152	157	162	167	172	177	182	187	192	197	202	207	212	217	222	227	232	237	242	247	250
T25_R2_paired	214.0	1135.0	10449.0	8386.0	4437.0	684.0	691.0	358.0	415.0	260.0	499.0	59.0	33.0	24.0	84.0	0.0	624.0	4068.0	6542.0	11551.0	2454.0	696.0	119.0	60.0	12.0	25.0	11.0	269.0	23.0	240.0	30.0	634.0	32.0	73.0	97.0	115.0	0.0	136.0	24.0	241.0	8.0	338.0	47.0	13062181.0
	37	42	47	52	57	62	67	72	77	82	87	92	97	102	107	112	117	122	127	132	137	142	147	151
TG0004_R1_paired	42142.0	54925.0	36407.0	26520.0	23432.0	22500.0	23459.0	26383.0	34682.0	17648.0	18891.0	21380.0	23856.0	27516.0	32046.0	35440.0	40399.0	48861.0	56827.0	66800.0	76645.0	92179.0	124600.0	4214213.0
	37	42	47	52	57	62	67	72	77	82	87	92	97	102	107	112	117	122	127	132	137	142	147	151
TG0004_R2_paired	124164.0	156755.0	149647.0	144930.0	150215.0	140022.0	143319.0	146093.0	154798.0	84347.0	95021.0	108165.0	116869.0	133360.0	149114.0	172390.0	199177.0	224980.0	229036.0	251976.0	271346.0	254719.0	264113.0	1323195.0
	37	42	47	52	57	62	67	72	77	82	87	92	97	102	107	112	117	122	127	132	137	142	147	151
TG0032_R1_paired	17432.0	22727.0	21147.0	21683.0	22671.0	23972.0	26555.0	31999.0	43197.0	21817.0	24049.0	26651.0	29183.0	33124.0	37069.0	40775.0	45746.0	54986.0	62761.0	73848.0	84312.0	100259.0	136737.0	6187529.0
	37	42	47	52	57	62	67	72	77	82	87	92	97	102	107	112	117	122	127	132	137	142	147	151
TG0032_R2_paired	256990.0	326817.0	301169.0	279060.0	272934.0	251512.0	252063.0	246988.0	265450.0	142832.0	155684.0	171598.0	181828.0	202330.0	221014.0	248133.0	282076.0	308757.0	310051.0	330670.0	343047.0	309856.0	303846.0	1225524.0
	37	42	47	52	57	62	67	72	77	82	87	92	97	102	107	112	117	122	127	132	137	142	147	151
TN0001_R1_paired	15974.0	19927.0	19890.0	20306.0	21576.0	22496.0	25196.0	28246.0	36715.0	20140.0	22479.0	24902.0	27611.0	31921.0	36145.0	39600.0	44745.0	53666.0	61941.0	72338.0	82287.0	97505.0	132344.0	5210752.0
	37	42	47	52	57	62	67	72	77	82	87	92	97	102	107	112	117	122	127	132	137	142	147	151
TN0001_R2_paired	196622.0	246071.0	223239.0	203602.0	199954.0	179910.0	179365.0	177724.0	194529.0	103261.0	115007.0	127009.0	136159.0	151767.0	168339.0	193424.0	222943.0	253110.0	257391.0	282892.0	304347.0	286209.0	296848.0	1468980.0
	37	42	47	52	57	62	67	72	77	82	87	92	97	102	107	112	117	122	127	132	137	142	147	151
TN0002_R1_paired	18832.0	23188.0	22585.0	23205.0	24390.0	25715.0	28728.0	32327.0	40672.0	23140.0	25587.0	28654.0	31762.0	35984.0	40830.0	45310.0	50426.0	59891.0	68544.0	80542.0	91868.0	109010.0	147236.0	6076804.0
	37	42	47	52	57	62	67	72	77	82	87	92	97	102	107	112	117	122	127	132	137	142	147	151
TN0002_R2_paired	245425.0	299628.0	267467.0	244988.0	237644.0	211827.0	211586.0	209984.0	228646.0	122447.0	134540.0	148403.0	158899.0	176993.0	196576.0	223890.0	256754.0	290279.0	295319.0	324882.0	348857.0	327761.0	338402.0	1654033.0
	37	42	47	52	57	62	67	72	77	82	87	92	97	102	107	112	117	122	127	132	137	142	147	150
TN0050_R1_paired	24788.0	31584.0	32966.0	36694.0	35991.0	40387.0	45677.0	46538.0	58254.0	29178.0	29827.0	33276.0	41399.0	46060.0	55400.0	57581.0	67985.0	82069.0	107546.0	120016.0	126083.0	148037.0	337431.0	5910828.0
	37	42	47	52	57	62	67	72	77	82	87	92	97	102	107	112	117	122	127	132	137	142	147	150
TN0050_R2_paired	202856.0	258314.0	262971.0	254165.0	248407.0	241423.0	243100.0	239886.0	260653.0	125818.0	123649.0	143807.0	161568.0	174219.0	194955.0	218381.0	246984.0	280229.0	309023.0	334976.0	367865.0	381066.0	483927.0	1787353.0
	37	42	47	52	57	62	67	72	77	82	87	92	97	102	107	112	117	122	127	132	137	142	147	151
TN0057_R1_paired	20101.0	25036.0	24331.0	25066.0	26537.0	27749.0	31161.0	34385.0	44172.0	25142.0	27650.0	31084.0	34429.0	38716.0	43819.0	48983.0	55094.0	65939.0	75222.0	87645.0	100063.0	118818.0	160724.0	6384656.0
	37	42	47	52	57	62	67	72	77	82	87	92	97	102	107	112	117	122	127	132	137	142	147	151
TN0057_R2_paired	329419.0	364455.0	301304.0	262131.0	247855.0	219976.0	218256.0	212849.0	231308.0	122077.0	134209.0	148215.0	158362.0	176845.0	196475.0	224827.0	260578.0	296344.0	302298.0	337576.0	361984.0	342309.0	354964.0	1751906.0
	37	42	47	52	57	62	67	72	77	82	87	92	97	102	107	112	117	122	127	132	137	142	147	151
TN0065_R1_paired	20706.0	26959.0	27713.0	30797.0	36256.0	43756.0	58985.0	78813.0	145932.0	78290.0	101588.0	129224.0	154400.0	179522.0	205660.0	227021.0	245559.0	272715.0	285845.0	302899.0	308936.0	320766.0	364375.0	4348734.0
	37	42	47	52	57	62	67	72	77	82	87	92	97	102	107	112	117	122	127	132	137	142	147	151
TN0065_R2_paired	185635.0	219731.0	206413.0	200686.0	209909.0	194042.0	197924.0	204844.0	225120.0	121616.0	139506.0	159518.0	177095.0	204470.0	233023.0	273412.0	322222.0	367629.0	380498.0	422200.0	454314.0	426251.0	437446.0	2031947.0
	37	42	47	52	57	62	67	72	77	82	87	92	97	102	107	112	117	122	127	132	137	142	147	151
TN0090_R1_paired	16954.0	21282.0	20175.0	20377.0	21791.0	22680.0	24739.0	30292.0	39697.0	20777.0	23100.0	25372.0	28360.0	32070.0	36389.0	40117.0	44723.0	53394.0	62313.0	72588.0	82493.0	98700.0	135579.0	5989054.0
	37	42	47	52	57	62	67	72	77	82	87	92	97	102	107	112	117	122	127	132	137	142	147	151
TN0090_R2_paired	266804.0	336517.0	306677.0	281751.0	274526.0	253677.0	252939.0	247904.0	263366.0	142901.0	155743.0	171546.0	181613.0	200761.0	219836.0	245340.0	276664.0	299381.0	301238.0	317879.0	324777.0	289496.0	280589.0	1071091.0
	37	42	47	52	57	62	67	72	77	82	87	92	97	102	107	112	117	122	127	132	137	142	147	150
TR0025_R1_paired	35260.0	46123.0	45865.0	52122.0	51580.0	57747.0	63883.0	66692.0	90845.0	40894.0	41462.0	46285.0	59119.0	65248.0	76124.0	80582.0	95936.0	114029.0	147961.0	166113.0	173596.0	203689.0	456169.0	7449343.0
	37	42	47	52	57	62	67	72	77	82	87	92	97	102	107	112	117	122	127	132	137	142	147	150
TR0025_R2_paired	256222.0	319285.0	320301.0	313753.0	303575.0	293750.0	294174.0	290647.0	332169.0	160487.0	152280.0	177871.0	199872.0	215580.0	238942.0	274248.0	307000.0	352628.0	392224.0	428527.0	477542.0	497076.0	643659.0	2484855.0
	37	42	47	52	57	62	67	72	77	82	87	92	97	102	107	112	117	122	127	132	137	142	147	151
US0041_R1_paired	13299.0	16144.0	15590.0	15904.0	16751.0	17702.0	19575.0	22205.0	28642.0	16259.0	17898.0	20457.0	22360.0	24893.0	28250.0	31325.0	35130.0	42104.0	48078.0	56269.0	64476.0	76411.0	103598.0	4306770.0
	37	42	47	52	57	62	67	72	77	82	87	92	97	102	107	112	117	122	127	132	137	142	147	151
US0041_R2_paired	204408.0	230791.0	193675.0	170210.0	160701.0	142738.0	143299.0	142347.0	154080.0	81565.0	89689.0	99072.0	107032.0	119633.0	132884.0	153529.0	178242.0	203510.0	209317.0	231711.0	250204.0	236445.0	244452.0	1180556.0
	37	42	47	52	57	62	67	72	77	82	87	92	97	102	107	112	117	122	127	132	137	142	147	150
US0064_R1_paired	34717.0	49204.0	44598.0	49857.0	48982.0	53686.0	59620.0	64036.0	91634.0	39525.0	40370.0	45583.0	56445.0	61216.0	72544.0	76497.0	90175.0	108692.0	139472.0	156150.0	163075.0	190801.0	428422.0	7280447.0
	37	42	47	52	57	62	67	72	77	82	87	92	97	102	107	112	117	122	127	132	137	142	147	150
US0064_R2_paired	262701.0	332213.0	329528.0	312353.0	304971.0	293892.0	289752.0	284664.0	333776.0	167049.0	153815.0	175190.0	197426.0	210103.0	234453.0	264309.0	295666.0	339416.0	376322.0	409083.0	452572.0	471042.0	608643.0	2346809.0
	37	42	47	52	57	62	67	72	77	82	87	92	97	102	107	112	117	122	127	132	137	142	147	151
VT0027_R1_paired	13221.0	18308.0	15843.0	16616.0	17316.0	18398.0	20271.0	27412.0	46656.0	16822.0	18168.0	20142.0	22453.0	25586.0	29084.0	31884.0	36201.0	43371.0	49626.0	58113.0	65858.0	78688.0	106175.0	4102961.0
	37	42	47	52	57	62	67	72	77	82	87	92	97	102	107	112	117	122	127	132	137	142	147	151
VT0027_R2_paired	162488.0	202601.0	183091.0	166552.0	165639.0	149939.0	148698.0	146818.0	175939.0	90392.0	94301.0	104328.0	110762.0	124003.0	137234.0	156469.0	180424.0	201520.0	205689.0	225099.0	239852.0	224104.0	228186.0	1075045.0
	37	42	47	52	57	62	67	72	77	82	87	92	97	102	107	112	117	122	127	132	137	142	147	151
VT0030_R1_paired	15794.0	19782.0	19427.0	19990.0	21145.0	22012.0	24727.0	27437.0	34061.0	19909.0	22060.0	24518.0	27197.0	31026.0	34636.0	38138.0	42739.0	51186.0	58638.0	68066.0	77697.0	92784.0	124555.0	5278021.0
	37	42	47	52	57	62	67	72	77	82	87	92	97	102	107	112	117	122	127	132	137	142	147	151
VT0030_R2_paired	197790.0	243278.0	217633.0	197638.0	195056.0	174740.0	175373.0	173743.0	189311.0	101283.0	112569.0	124136.0	133851.0	149673.0	167458.0	191739.0	221158.0	252743.0	258756.0	286347.0	309277.0	291906.0	305043.0	1525044.0

