Sample	FastQC_mqc-generalstats-fastqc-percent_duplicates	FastQC_mqc-generalstats-fastqc-percent_gc	FastQC_mqc-generalstats-fastqc-avg_sequence_length	FastQC_mqc-generalstats-fastqc-percent_fails	FastQC_mqc-generalstats-fastqc-total_sequences
12-1-205_R1_paired	17.466985971080803	47.0	140.41838698690597	0.0	4401167.0
12-1-205_R2_paired	15.176013343725941	47.0	95.4076898240853	0.0	4401167.0
AG0004_R1_paired	16.77557983468347	49.0	135.95817484219873	0.0	7271963.0
AG0004_R2_paired	16.74213209422099	49.0	111.9296295924498	0.0	7271963.0
B2_R1_paired	10.859007528584613	50.0	249.70315542125695	9.090909090909092	7938528.0
B2_R2_paired	10.311223661741352	51.0	249.71420822600865	9.090909090909092	7938528.0
B51_R1_paired	7.954695173878264	50.0	249.7058180656523	9.090909090909092	7040089.0
B51_R2_paired	7.585033169501159	50.0	249.7129763558387	9.090909090909092	7040089.0
BF0072_R1_paired	18.543083087733905	49.0	133.13857873949553	0.0	5727437.0
BF0072_R2_paired	17.06002472213109	49.0	113.92177425958592	0.0	5727437.0
BN0019_R1_paired	19.570448268816477	49.0	145.06218377050052	0.0	7393167.0
BN0019_R2_paired	17.22053546866927	49.0	102.70016435446406	0.0	7393167.0
BN0119_R1_paired	14.94689815315273	49.0	109.04279045550159	0.0	4183059.0
BN0119_R2_paired	16.934033737053383	50.0	144.95811008164122	0.0	4183059.0
BN0123_R1_paired	16.406540021155394	50.0	142.2267617344349	0.0	4946787.0
BN0123_R2_paired	15.496901533592009	49.0	110.85695321023525	0.0	4946787.0
BN0202_R1_paired	17.68513532803408	50.0	145.39259918581257	0.0	5415215.0
BN0202_R2_paired	15.600378193153546	49.0	104.90393382349546	0.0	5415215.0
BN0252_R1_paired	19.134398091244094	50.0	144.82674666369854	0.0	7501945.0
BN0252_R2_paired	17.12858383332629	50.0	110.44767083736285	0.0	7501945.0
Br62_R1_paired	3.7294602092649427	50.0	94.45054837544961	0.0	9413897.0
Br62_R2_paired	3.683745049899386	50.0	90.48893864039515	0.0	9413897.0
Br80_R1_paired	17.52805116946017	49.0	207.46225732384957	9.090909090909092	3454604.0
Br80_R2_paired	16.81958845052432	48.0	151.94229150432292	18.181818181818183	3454604.0
CD0065_R1_paired	20.53628121466754	50.0	144.84892783341857	0.0	6338474.0
CD0065_R2_paired	17.87795324572727	49.0	106.84757040890284	0.0	6338474.0
CD0142_R1_paired	20.76061810237769	50.0	144.94662220568705	0.0	9058130.0
CD0142_R2_paired	18.327733948874865	50.0	107.87482924179714	0.0	9058130.0
CH0043_R1_paired	20.579442905508202	50.0	145.1247956723991	0.0	9362416.0
CH0043_R2_paired	18.21742251093012	50.0	105.54370335605681	0.0	9362416.0
CH0072_R1_paired	18.406334998998915	50.0	144.1893261284161	0.0	6769821.0
CH0072_R2_paired	16.515336349538444	50.0	108.53309356333055	0.0	6769821.0
CH0452_R1_paired	15.362799437353175	50.0	142.33508807980564	0.0	5275216.0
CH0452_R2_paired	14.491328727932896	50.0	112.23242820767908	0.0	5275216.0
CH0461_R1_paired	19.478543891677987	50.0	145.20985091294366	0.0	8284958.0
CH0461_R2_paired	17.04872408744002	50.0	102.80816462799208	0.0	8284958.0
CH0533_R1_paired	15.980372719401117	50.0	109.99608064258811	0.0	5747881.0
CH0533_R2_paired	17.928794321576916	50.0	144.6574809047021	0.0	5747881.0
CH1103_R1_paired	17.688689934754052	50.0	144.78841068948506	0.0	5002748.0
CH1103_R2_paired	15.627698694004494	50.0	109.20339381475941	0.0	5002748.0
CH1164_R1_paired	15.073012284090083	50.0	144.66738896918488	0.0	4149231.0
CH1164_R2_paired	12.958919221554098	50.0	107.05092437610729	0.0	4149231.0
CM0028_R1_paired	21.924338221176654	50.0	141.84736388118603	0.0	12551957.0
CM0028_R2_paired	19.82514504263071	50.0	109.07365058691644	0.0	12551957.0
EI9411_R1_paired	11.414283953616305	48.0	87.59293087453614	0.0	4989811.0
EI9411_R2_paired	10.921491114694021	48.0	84.74386224247772	0.0	4989811.0
EI9604_R1_paired	10.486230251372888	47.0	87.253184062849	0.0	4540661.0
EI9604_R2_paired	9.925721972615506	47.0	84.65137961191112	0.0	4540661.0
FR1067_R1_paired	17.81177785352935	48.0	141.43250172342258	0.0	9968536.0
FR1067_R2_paired	16.06643355964256	48.0	109.04442598190948	0.0	9968536.0
FR1069_R1_paired	17.963514895098214	48.0	141.57464527093023	0.0	11313282.0
FR1069_R2_paired	16.550132800574303	48.0	110.74208227108632	0.0	11313282.0
G17_R1_paired	4.739657685675894	52.0	94.66617957925689	0.0	15256673.0
G17_R2_paired	4.6230184839167805	52.0	90.33847759600012	0.0	15256673.0
GN0001_R1_paired	15.244391576007871	49.0	141.55849631243225	0.0	7842161.0
GN0001_R2_paired	14.277749752203903	49.0	112.49286121516761	0.0	7842161.0
GY0040_R1_paired	19.246073379441555	50.0	141.6987702913165	0.0	6766318.0
GY0040_R2_paired	17.262614214252466	50.0	109.848289719756	0.0	6766318.0
IN0017_R1_paired	17.128829457898547	49.0	134.39685269292073	0.0	3585605.0
IN0017_R2_paired	15.672863822368171	49.0	113.56389395931788	0.0	3585605.0
IN0054_R1_paired	20.49428999473774	50.0	144.77656586778372	0.0	7944301.0
IN0054_R2_paired	18.525306520338887	49.0	109.99204637387228	0.0	7944301.0
IN0059_R1_paired	16.861702646326577	49.0	144.76679252132874	0.0	3580850.0
IN0059_R2_paired	14.522109821133057	49.0	107.15881620285687	0.0	3580850.0
IN0114_R1_paired	19.539445130186195	50.0	141.98146742466804	0.0	7563223.0
IN0114_R2_paired	18.46762954378717	49.0	110.78418803729573	0.0	7563223.0
IN0115_R1_paired	21.347218687215218	50.0	145.45133977283186	0.0	8519504.0
IN0115_R2_paired	19.026849716373547	49.0	105.58897114198197	0.0	8519504.0
IN0116_R1_paired	21.629760920754975	49.0	144.54737537868493	0.0	8032073.0
IN0116_R2_paired	19.40885730937009	49.0	109.09442182609645	0.0	8032073.0
IR00102_R1_paired	18.74706431312842	49.0	141.25590156527937	0.0	10958491.0
IR00102_R2_paired	17.245764510295942	49.0	110.42654714047764	0.0	10958491.0
IR0013_R1_paired	18.311664742886563	48.0	132.2319831091596	0.0	8941651.0
IR0013_R2_paired	16.938918049948327	48.0	110.9255251630823	0.0	8941651.0
IR0015_R1_paired	18.336375117328117	48.0	141.43498238646845	0.0	8783020.0
IR0015_R2_paired	16.716115162862224	48.0	107.59424207163367	0.0	8783020.0
IR0083_R1_paired	15.431012795994448	49.0	141.43738906842003	0.0	6991359.0
IR0083_R2_paired	14.11360325884354	49.0	110.3027691754922	0.0	6991359.0
IR0084_R1_paired	18.07830001933837	48.0	135.4680802548178	0.0	10130532.0
IR0084_R2_paired	18.154783698105064	48.0	112.14315654893544	0.0	10130532.0
IR0088_R1_paired	25.109812319970445	48.0	141.5532755171328	0.0	11644833.0
IR0088_R2_paired	23.267580605186595	48.0	110.26298994584121	0.0	11644833.0
IR0095_R1_paired	20.653787335325575	48.0	140.8098557143623	0.0	10856382.0
IR0095_R2_paired	19.201156995695072	48.0	112.56023516858563	0.0	10856382.0
IT0010_R1_paired	21.337591243068815	50.0	138.33361805507363	0.0	10317676.0
IT0010_R2_paired	19.57402997208918	50.0	112.64881044917479	0.0	10317676.0
JP0091_R1_paired	17.37454935357499	50.0	141.71667099655556	0.0	9087993.0
JP0091_R2_paired	16.101146531353237	50.0	113.33752094659404	0.0	9087993.0
ML0060_R1_paired	16.199831653046388	50.0	135.79410151039994	0.0	8136388.0
ML0060_R2_paired	16.456410854080218	50.0	112.57021481768076	0.0	8136388.0
ML0062_R1_paired	19.4386521144704	50.0	144.9921774719909	0.0	5966102.0
ML0062_R2_paired	17.374470898242947	50.0	110.29686217231955	0.0	5966102.0
NG0012_R1_paired	17.52590537475936	50.0	144.8801673497709	0.0	4722803.0
NG0012_R2_paired	15.20151113430461	50.0	108.84110855354331	0.0	4722803.0
NG0054_R1_paired	17.14536054145772	50.0	134.76477177845152	0.0	5275685.0
NG0054_R2_paired	15.709252474203325	49.0	115.31218372590479	0.0	5275685.0
NP0058_R1_paired	17.43436235603096	50.0	100.18030602560854	0.0	7446501.0
NP0058_R2_paired	19.9265633865611	50.0	145.2171112311675	0.0	7446501.0
P28_R1_paired	11.575789416656917	50.0	299.99921976005004	0.0	8979289.0
P28_R2_paired	10.474888557189615	51.0	299.9987208341329	9.090909090909092	8979289.0
P29_R1_paired	12.282260446232769	50.0	299.9991070462577	0.0	9335310.0
P29_R2_paired	11.146900985841398	51.0	299.9984441866419	9.090909090909092	9335310.0
P3_R1_paired	15.22730345044431	50.0	299.99993633282	9.090909090909092	16130760.0
P3_R2_paired	12.36146362867639	50.0	250.86480395220065	18.181818181818183	16130760.0
PGPA_R1_paired	8.403417370188095	50.0	94.8795764782153	0.0	16418329.0
PGPA_R2_paired	8.138389446901783	50.0	90.97442778738323	0.0	16418329.0
PgKY_R1_paired	9.839719939570884	51.0	94.69868774649056	0.0	12880057.0
PgKY_R2_paired	9.721370662416149	51.0	91.45723687402936	0.0	12880057.0
Py0925_R1_paired	6.347342144441527	47.0	88.50988514854015	0.0	19416906.0
Py0925_R2_paired	6.335465693976914	47.0	89.17029324857421	0.0	19416906.0
Py36-1_R1_paired	7.303346056246312	48.0	91.86692207983228	0.0	22939042.0
Py36-1_R2_paired	6.630264017800059	48.0	87.32653081153084	0.0	22939042.0
Py5033_R1_paired	4.721761704021631	49.0	87.86544554293474	0.0	366766.0
Py5033_R2_paired	4.664465437113492	49.0	88.56095712252498	0.0	366766.0
Py510_R1_paired	4.329835885337303	48.0	88.38978997725955	0.0	11696781.0
Py510_R2_paired	4.39575195450503	48.0	89.28050187483205	0.0	11696781.0
Py6017_R1_paired	4.216701279318954	48.0	88.59820574056926	0.0	13007595.0
Py6017_R2_paired	4.0886046468749555	48.0	89.06208811083063	0.0	13007595.0
Py6045_R1_paired	5.443952050465924	48.0	88.24590333267797	0.0	17038850.0
Py6045_R2_paired	5.393942362515958	48.0	89.60901304958962	0.0	17038850.0
Py86-1_R1_paired	6.883161185074584	47.0	88.27226438050185	0.0	14584192.0
Py86-1_R2_paired	6.81264114560345	47.0	89.43695804333898	0.0	14584192.0
SV9610_R1_paired	10.096225279576728	50.0	86.82587364776494	0.0	4857421.0
SV9610_R2_paired	9.395434932431328	50.0	83.78302271925781	0.0	4857421.0
SV9623_R1_paired	12.064494938443886	49.0	87.32554982733878	0.0	4684607.0
SV9623_R2_paired	11.342302227397056	49.0	84.3121111333352	0.0	4684607.0
T25_R1_paired	11.768078916159183	51.0	249.8548768757845	9.090909090909092	13118378.0
T25_R2_paired	11.157281712880504	51.0	249.33571505562654	9.090909090909092	13118378.0
TG0004_R1_paired	16.28790326353875	50.0	142.33137230372083	0.0	5187751.0
TG0004_R2_paired	15.327019047950657	49.0	112.85030102639853	0.0	5187751.0
TG0032_R1_paired	19.07221629398117	50.0	145.33172225808107	0.0	7190229.0
TG0032_R2_paired	16.814249512630184	49.0	103.38109592893356	0.0	7190229.0
TN0001_R1_paired	19.218011678783014	50.0	144.81522158146075	0.0	6168702.0
TN0001_R2_paired	17.104809432736104	49.0	109.31617526669305	0.0	6168702.0
TN0002_R1_paired	20.577836326026585	50.0	144.94455048964184	0.0	7155230.0
TN0002_R2_paired	18.228562714675917	50.0	108.34222128429136	0.0	7155230.0
TN0050_R1_paired	16.914556290031825	51.0	142.10691655197502	0.0	7545595.0
TN0050_R2_paired	15.35100530721553	50.0	110.00474634538429	0.0	7545595.0
TN0057_R1_paired	19.704686447117197	50.0	144.79326507618188	0.0	7556522.0
TN0057_R2_paired	17.083353238971227	49.0	107.22507762168892	0.0	7556522.0
TN0065_R1_paired	20.205755122199506	49.0	134.41308726674706	0.0	7995451.0
TN0065_R2_paired	18.648365187196674	49.0	114.62144411866197	0.0	7995451.0
TN0090_R1_paired	18.6011492470642	50.0	145.39175021283882	0.0	6963016.0
TN0090_R2_paired	16.354571274713564	50.0	101.58837363004767	0.0	6963016.0
TR0025_R1_paired	18.759383278837944	51.0	141.31284827577628	0.0	9726667.0
TR0025_R2_paired	17.136099452569127	51.0	111.55851783555457	0.0	9726667.0
US0041_R1_paired	17.761164006403035	50.0	145.04179273491184	0.0	5060090.0
US0041_R2_paired	15.311357599730243	50.0	108.18808341353612	0.0	5060090.0
US0064_R1_paired	21.859194493544877	49.0	141.37926525247127	0.0	9445748.0
US0064_R2_paired	20.216378760691484	49.0	110.44765147238736	0.0	9445748.0
VT0027_R1_paired	19.57589568829681	50.0	144.3210629630756	0.0	4899173.0
VT0027_R2_paired	17.32676556985821	49.0	107.67315749004985	0.0	4899173.0
VT0030_R1_paired	18.309306921525106	50.0	145.034504470551	0.0	6195545.0
VT0030_R2_paired	16.18361997536887	49.0	110.12865550972514	0.0	6195545.0
