	52	57	62	67	72	77	82	87	92	97	102	107	112	117	122	127	132	137	142	147	151
12-1-205_R1_paired	14017.0	14542.0	16100.0	18147.0	19711.0	33592.0	18965.0	17285.0	18951.0	20918.0	24027.0	26672.0	34038.0	43623.0	55121.0	68456.0	84656.0	99345.0	131818.0	188395.0	4733164.0
	52	57	62	67	72	77	82	87	92	97	102	107	112	117	122	127	132	137	142	147	151
12-1-205_R2_paired	128410.0	126030.0	125137.0	132128.0	141508.0	156798.0	118042.0	131791.0	166436.0	197762.0	232502.0	285137.0	310813.0	316432.0	326674.0	336707.0	328642.0	324542.0	318992.0	340569.0	1136491.0
	52	57	62	67	72	77	82	87	92	97	102	107	112	117	122	127	132	137	142	147	150
AG0004_R1_paired	40198.0	33139.0	32178.0	33452.0	35013.0	40882.0	25207.0	25546.0	27564.0	30942.0	33247.0	37472.0	41971.0	47158.0	54427.0	63092.0	75760.0	95570.0	113542.0	327096.0	8632833.0
	52	57	62	67	72	77	82	87	92	97	102	107	112	117	122	127	132	137	142	147	150
AG0004_R2_paired	154374.0	162369.0	164135.0	165486.0	171192.0	153641.0	95978.0	98281.0	108453.0	123224.0	143581.0	185036.0	214030.0	247301.0	285292.0	316136.0	351655.0	398887.0	446508.0	722629.0	5138101.0
	62	67	72	77	82	87	92	97	102	107	112	117	122	127	132	137	142	147	152	157	162	167	172	177	182	187	192	197	202	207	212	217	222	227	232	237	242	247	250
B2_R1_paired	130.0	107.0	23.0	1.0	1.0	0.0	0.0	0.0	0.0	0.0	37.0	6.0	0.0	0.0	2.0	2.0	0.0	0.0	4.0	0.0	0.0	0.0	1.0	107.0	1.0	6.0	0.0	25.0	3.0	3.0	7.0	4.0	7.0	2.0	5.0	27.0	6.0	30.0	7977425.0
	52	57	62	67	72	77	82	87	92	97	102	107	112	117	122	127	132	137	142	147	152	157	162	167	172	177	182	187	192	197	202	207	212	217	222	227	232	237	242	247	250
B2_R2_paired	232.0	345.0	1.0	76.0	245.0	11.0	1082.0	7.0	10.0	20.0	199.0	419.0	2.0	1206.0	2165.0	490.0	530.0	1565.0	5748.0	590.0	98.0	65.0	785.0	24.0	20.0	230.0	139.0	572.0	26.0	15.0	4.0	1891.0	238.0	658.0	330.0	758.0	779.0	2427.0	359.0	2406.0	7951205.0
	52	57	62	67	72	77	82	87	92	97	102	107	112	117	122	127	132	137	142	147	152	157	162	167	172	177	182	187	192	197	202	207	212	217	222	227	232	237	242	247	250
B51_R1_paired	2.0	0.0	122.0	87.0	16.0	0.0	2.0	0.0	0.0	0.0	0.0	0.0	34.0	2.0	0.0	0.0	1.0	1.0	0.0	0.0	1.0	0.0	0.0	0.0	2.0	79.0	0.0	4.0	0.0	31.0	2.0	6.0	8.0	4.0	6.0	2.0	7.0	22.0	7.0	35.0	7073823.0
	52	57	62	67	72	77	82	87	92	97	102	107	112	117	122	127	132	137	142	147	152	157	162	167	172	177	182	187	192	197	202	207	212	217	222	227	232	237	242	247	250
B51_R2_paired	233.0	310.0	2.0	97.0	193.0	5.0	927.0	5.0	7.0	20.0	187.0	386.0	2.0	983.0	1884.0	437.0	473.0	1368.0	5204.0	542.0	81.0	67.0	655.0	31.0	29.0	205.0	123.0	510.0	20.0	10.0	4.0	1715.0	203.0	630.0	311.0	643.0	695.0	2144.0	352.0	2074.0	7050539.0
	52	57	62	67	72	77	82	87	92	97	102	107	112	117	122	127	132	137	142	147	151
BF0072_R1_paired	18171.0	21229.0	25650.0	34805.0	42839.0	70008.0	45219.0	49967.0	56079.0	61145.0	66193.0	71341.0	76295.0	80074.0	86714.0	89554.0	96256.0	108160.0	125279.0	172224.0	6505032.0
	52	57	62	67	72	77	82	87	92	97	102	107	112	117	122	127	132	137	142	147	151
BF0072_R2_paired	116521.0	118352.0	113108.0	115534.0	118898.0	117577.0	87846.0	84108.0	92218.0	108308.0	135837.0	159203.0	187649.0	218573.0	251898.0	270637.0	301457.0	349047.0	356802.0	401862.0	4196799.0
	52	57	62	67	72	77	82	87	92	97	102	107	112	117	122	127	132	137	142	147	151
BN0019_R1_paired	16221.0	17253.0	17890.0	21026.0	22974.0	52040.0	25342.0	20758.0	21416.0	22632.0	24160.0	25755.0	27526.0	29977.0	33361.0	36081.0	41027.0	49035.0	61009.0	92359.0	8938438.0
	52	57	62	67	72	77	82	87	92	97	102	107	112	117	122	127	132	137	142	147	151
BN0019_R2_paired	201220.0	199635.0	192818.0	198606.0	200733.0	195802.0	154965.0	135807.0	146061.0	167497.0	204493.0	234221.0	268845.0	304861.0	344705.0	364285.0	395389.0	444295.0	444749.0	486607.0	4310686.0
	52	57	62	67	72	77	82	87	92	97	102	107	112	117	122	127	132	137	142	147	151
BN0119_R1_paired	99653.0	98727.0	93946.0	95161.0	96813.0	95353.0	63453.0	66587.0	72168.0	82360.0	100775.0	116423.0	133095.0	152979.0	174017.0	184268.0	202089.0	231047.0	235709.0	265938.0	2800440.0
	52	57	62	67	72	77	82	87	92	97	102	107	112	117	122	127	132	137	142	147	151
BN0119_R2_paired	10346.0	10816.0	11248.0	13120.0	13649.0	16872.0	11877.0	12139.0	13217.0	13973.0	15104.0	16107.0	17071.0	18336.0	20849.0	22514.0	25822.0	30832.0	38149.0	58138.0	5070822.0
	52	57	62	67	72	77	82	87	92	97	102	107	112	117	122	127	132	137	142	147	151
BN0123_R1_paired	18346.0	15977.0	15411.0	16278.0	16487.0	22050.0	14085.0	14240.0	15378.0	16275.0	17692.0	19203.0	20843.0	22963.0	26604.0	29450.0	34762.0	41553.0	52442.0	81924.0	5919558.0
	52	57	62	67	72	77	82	87	92	97	102	107	112	117	122	127	132	137	142	147	151
BN0123_R2_paired	107707.0	109763.0	106013.0	108504.0	112047.0	104340.0	74105.0	76961.0	84713.0	98430.0	122016.0	141856.0	164376.0	189257.0	213958.0	226275.0	248842.0	281089.0	283588.0	315983.0	3261698.0
	52	57	62	67	72	77	82	87	92	97	102	107	112	117	122	127	132	137	142	147	151
BN0202_R1_paired	12151.0	12773.0	13563.0	16143.0	16627.0	19889.0	14392.0	14893.0	15861.0	16517.0	17574.0	18836.0	20261.0	21415.0	24395.0	26732.0	30176.0	35936.0	45064.0	68560.0	6447331.0
	52	57	62	67	72	77	82	87	92	97	102	107	112	117	122	127	132	137	142	147	151
BN0202_R2_paired	141125.0	139960.0	134413.0	138597.0	139079.0	134765.0	89702.0	94140.0	102454.0	116799.0	141892.0	163329.0	187305.0	213006.0	242757.0	254959.0	278792.0	313493.0	315728.0	348927.0	3217867.0
	52	57	62	67	72	77	82	87	92	97	102	107	112	117	122	127	132	137	142	147	151
BN0252_R1_paired	17372.0	18152.0	19218.0	22511.0	22756.0	28172.0	19756.0	20842.0	21954.0	23517.0	25146.0	26839.0	29032.0	30879.0	35119.0	38389.0	44067.0	52286.0	66085.0	99370.0	8505829.0
	52	57	62	67	72	77	82	87	92	97	102	107	112	117	122	127	132	137	142	147	151
BN0252_R2_paired	151230.0	148333.0	141615.0	147029.0	148407.0	147869.0	99097.0	102915.0	111939.0	127712.0	156374.0	179882.0	208127.0	239034.0	274409.0	290335.0	322263.0	373264.0	382679.0	438430.0	4976348.0
	52	57	62	67	72	77	82	87	92	97	102	107	112	117	122	127	132	137	142	147	150
Br48_R1_paired	19934.0	19456.0	19202.0	18977.0	18692.0	19002.0	18718.0	18662.0	18550.0	18659.0	18986.0	18985.0	19012.0	19857.0	20112.0	20316.0	21822.0	21727.0	22569.0	151341.0	7754184.0
	52	57	62	67	72	77	82	87	92	97	102	107	112	117	122	127	132	137	142	147	150
Br48_R2_paired	18952.0	18487.0	17637.0	17575.0	17471.0	17502.0	17538.0	17572.0	17903.0	17729.0	17976.0	17687.0	17941.0	18605.0	18774.0	18798.0	19415.0	20728.0	20866.0	176469.0	7753138.0
	50	51	52	53	54	55	56	57	58	59	60	61	62	63	64	65	66	67	68	69	70	71	72	73	74	75
Br58_R1_paired	1333.0	321.0	464.0	613.0	803.0	1640.0	404.0	559.0	726.0	984.0	1942.0	456.0	651.0	895.0	1195.0	2266.0	512.0	753.0	1119.0	1608.0	2834.0	522.0	814.0	1150.0	3882.0	289969.0
	50	51	52	53	54	55	56	57	58	59	60	61	62	63	64	65	66	67	68	69	70	71	72	73	74	75
Br58_R2_paired	1495.0	387.0	567.0	749.0	991.0	1747.0	453.0	659.0	853.0	1252.0	2214.0	542.0	776.0	1148.0	1560.0	2831.0	718.0	1045.0	1368.0	2186.0	3958.0	837.0	1045.0	1813.0	5924.0	281297.0
	50	52	54	56	58	60	62	64	66	68	70	72	74	76	78	80	82	84	86	88	90	92	94	96	98	100
Br62_R1_paired	21174.0	23592.0	23693.0	24227.0	23520.0	23226.0	22883.0	24029.0	26854.0	24557.0	24612.0	21558.0	20773.0	20844.0	22850.0	22221.0	23200.0	24060.0	23746.0	24660.0	29450.0	72546.0	34884.0	29710.0	108166.0	10368803.0
	50	52	54	56	58	60	62	64	66	68	70	72	74	76	78	80	82	84	86	88	90	92	94	96	98	100
Br62_R2_paired	43315.0	43531.0	45380.0	46274.0	48520.0	49609.0	51340.0	51396.0	50466.0	49190.0	45033.0	44722.0	44234.0	46252.0	47505.0	44576.0	38241.0	34078.0	33394.0	35472.0	38141.0	62369.0	44794.0	43344.0	154258.0	9874404.0
	52	57	62	67	72	77	82	87	92	97	102	107	112	117	122	127	132	137	142	147	152	157	162	167	172	177	182	187	192	197	202	207	212	217	222	227	232	237	242	247	252	257	262	267	272	277	282	287	292	297	300
Br80_R1_paired	27734.0	25839.0	28117.0	29609.0	28966.0	32455.0	33365.0	34669.0	33636.0	38022.0	38862.0	38451.0	40437.0	42681.0	44300.0	47157.0	50280.0	57315.0	51933.0	55206.0	56291.0	60023.0	60371.0	61535.0	66898.0	65346.0	70619.0	72845.0	75103.0	99074.0	80188.0	79770.0	84739.0	84977.0	88888.0	89151.0	93026.0	90252.0	92938.0	91904.0	97412.0	93864.0	93798.0	98931.0	97717.0	99484.0	97922.0	94995.0	94097.0	789089.0	796959.0
	52	57	62	67	72	77	82	87	92	97	102	107	112	117	122	127	132	137	142	147	152	157	162	167	172	177	182	187	192	197	202	207	212	217	222	227	232	237	242	247	252	257	262	267	272	277	282	287	292	297	300
Br80_R2_paired	52657.0	51711.0	52437.0	58443.0	60674.0	60236.0	63206.0	64827.0	66030.0	64600.0	66888.0	71328.0	71078.0	73343.0	79150.0	76666.0	74912.0	81012.0	85545.0	89752.0	90794.0	98550.0	99879.0	114215.0	125304.0	110330.0	113586.0	124624.0	124526.0	127554.0	136609.0	141680.0	141719.0	142719.0	156048.0	202064.0	196071.0	138358.0	185205.0	248201.0	164398.0	111150.0	76196.0	73950.0	54542.0	44450.0	32313.0	22337.0	12939.0	15166.0	7268.0
	52	57	62	67	72	77	82	87	92	97	102	107	112	117	122	127	132	137	142	147	151
CD0065_R1_paired	15340.0	16135.0	16808.0	19207.0	20751.0	30571.0	18563.0	18467.0	19866.0	21124.0	22199.0	23892.0	25569.0	27304.0	30607.0	33125.0	38423.0	45742.0	56833.0	86041.0	7579431.0
	52	57	62	67	72	77	82	87	92	97	102	107	112	117	122	127	132	137	142	147	151
CD0065_R2_paired	155010.0	152025.0	144794.0	148614.0	150359.0	146496.0	103936.0	102514.0	110362.0	125345.0	153938.0	176432.0	203062.0	232219.0	265754.0	279787.0	308598.0	353006.0	357271.0	401446.0	4095030.0
	52	57	62	67	72	77	82	87	92	97	102	107	112	117	122	127	132	137	142	147	151
CD0142_R1_paired	21381.0	22387.0	23640.0	27999.0	28229.0	35979.0	24494.0	25510.0	27212.0	29045.0	30408.0	32712.0	35004.0	37748.0	42762.0	45798.0	52673.0	63003.0	78163.0	118362.0	10630820.0
	52	57	62	67	72	77	82	87	92	97	102	107	112	117	122	127	132	137	142	147	151
CD0142_R2_paired	196899.0	188533.0	177509.0	181818.0	184208.0	180543.0	121269.0	124601.0	134905.0	154231.0	189905.0	219961.0	255820.0	297017.0	343277.0	365511.0	409170.0	473227.0	488362.0	556745.0	6189818.0
	52	57	62	67	72	77	82	87	92	97	102	107	112	117	122	127	132	137	142	147	151
CH0043_R1_paired	21831.0	23041.0	23950.0	28137.0	29269.0	46292.0	28218.0	27152.0	28683.0	29893.0	31448.0	33428.0	35657.0	38041.0	43065.0	46002.0	52453.0	61766.0	76565.0	116406.0	11055490.0
	52	57	62	67	72	77	82	87	92	97	102	107	112	117	122	127	132	137	142	147	151
CH0043_R2_paired	221840.0	220039.0	211120.0	219268.0	222477.0	217901.0	157011.0	153184.0	166167.0	190079.0	232829.0	269273.0	309808.0	353953.0	403854.0	428624.0	470982.0	537064.0	541646.0	604653.0	5745015.0
	52	57	62	67	72	77	82	87	92	97	102	107	112	117	122	127	132	137	142	147	151
CH0072_R1_paired	17655.0	18831.0	19216.0	22220.0	25255.0	69050.0	28913.0	21860.0	22150.0	23612.0	25008.0	26693.0	28409.0	30760.0	33894.0	37063.0	42194.0	49954.0	61907.0	94068.0	8133318.0
	52	57	62	67	72	77	82	87	92	97	102	107	112	117	122	127	132	137	142	147	151
CH0072_R2_paired	153634.0	153793.0	148178.0	151251.0	153741.0	156942.0	147607.0	109377.0	115650.0	132863.0	163240.0	187626.0	217278.0	249507.0	284298.0	300180.0	332959.0	380526.0	388910.0	436071.0	4468399.0
	52	57	62	67	72	77	82	87	92	97	102	107	112	117	122	127	132	137	142	147	151
CH0452_R1_paired	19154.0	16512.0	15929.0	17058.0	17210.0	19749.0	14019.0	15113.0	16182.0	17137.0	18382.0	20370.0	21658.0	24037.0	27568.0	30625.0	35637.0	42852.0	54634.0	84405.0	6189233.0
	52	57	62	67	72	77	82	87	92	97	102	107	112	117	122	127	132	137	142	147	151
CH0452_R2_paired	101174.0	103521.0	101534.0	104228.0	108304.0	101239.0	68359.0	74320.0	82694.0	97078.0	120861.0	140218.0	164254.0	189403.0	216100.0	229260.0	253693.0	289729.0	295701.0	329717.0	3546077.0
	52	57	62	67	72	77	82	87	92	97	102	107	112	117	122	127	132	137	142	147	151
CH0461_R1_paired	19805.0	20780.0	21661.0	25500.0	26437.0	33911.0	22949.0	23852.0	25292.0	26683.0	28454.0	30267.0	32271.0	34727.0	38068.0	41401.0	47532.0	56647.0	69845.0	106959.0	9989676.0
	52	57	62	67	72	77	82	87	92	97	102	107	112	117	122	127	132	137	142	147	151
CH0461_R2_paired	238077.0	234744.0	223765.0	229786.0	231560.0	221722.0	149113.0	155866.0	168897.0	192515.0	234058.0	267610.0	306040.0	346340.0	390153.0	409728.0	443505.0	498080.0	497149.0	545572.0	4738437.0
	52	57	62	67	72	77	82	87	92	97	102	107	112	117	122	127	132	137	142	147	151
CH0533_R1_paired	117997.0	117101.0	110915.0	113505.0	115343.0	115419.0	78880.0	79631.0	86481.0	99084.0	120811.0	140596.0	161946.0	186223.0	214713.0	227248.0	253415.0	291329.0	299381.0	341574.0	3792795.0
	52	57	62	67	72	77	82	87	92	97	102	107	112	117	122	127	132	137	142	147	151
CH0533_R2_paired	13353.0	14367.0	14970.0	17323.0	17932.0	23739.0	15960.0	16296.0	17249.0	18642.0	19795.0	21084.0	22524.0	24693.0	27542.0	30482.0	34703.0	41591.0	51506.0	78448.0	6542188.0
	52	57	62	67	72	77	82	87	92	97	102	107	112	117	122	127	132	137	142	147	151
CH1103_R1_paired	12938.0	13280.0	14013.0	16373.0	16441.0	20264.0	14252.0	15196.0	16097.0	16735.0	17842.0	19103.0	20613.0	22048.0	24326.0	26421.0	29915.0	35780.0	44294.0	67579.0	5856531.0
	52	57	62	67	72	77	82	87	92	97	102	107	112	117	122	127	132	137	142	147	151
CH1103_R2_paired	109223.0	106974.0	102453.0	105324.0	107096.0	106456.0	70508.0	73921.0	80195.0	90726.0	111566.0	127503.0	147958.0	168824.0	194496.0	205568.0	228883.0	263010.0	269201.0	306108.0	3344048.0
	52	57	62	67	72	77	82	87	92	97	102	107	112	117	122	127	132	137	142	147	151
CH1164_R1_paired	10409.0	11030.0	11603.0	13407.0	14006.0	19156.0	12189.0	12194.0	13392.0	14002.0	14982.0	16019.0	17195.0	18099.0	20504.0	22198.0	25352.0	29930.0	37124.0	56552.0	4889087.0
	52	57	62	67	72	77	82	87	92	97	102	107	112	117	122	127	132	137	142	147	151
CH1164_R2_paired	92298.0	89473.0	84429.0	85929.0	86920.0	84515.0	59410.0	59112.0	63701.0	72898.0	88955.0	103731.0	121146.0	139928.0	160985.0	172341.0	192810.0	223401.0	228905.0	261333.0	2806210.0
	52	57	62	67	72	77	82	87	92	97	102	107	112	117	122	127	132	137	142	147	150
CM0028_R1_paired	39236.0	41591.0	43775.0	49328.0	53099.0	66222.0	40573.0	41473.0	44191.0	48885.0	52568.0	58056.0	64254.0	71475.0	81891.0	93841.0	109704.0	136609.0	160457.0	463397.0	14384379.0
	52	57	62	67	72	77	82	87	92	97	102	107	112	117	122	127	132	137	142	147	150
CM0028_R2_paired	299366.0	306654.0	301489.0	298634.0	302159.0	292661.0	183105.0	180707.0	194698.0	215106.0	243639.0	309850.0	351955.0	402108.0	458184.0	505502.0	558032.0	634610.0	711691.0	1158605.0	8236249.0
	50	52	54	56	58	60	62	64	66	68	70	72	74	76	78	80	82	84	86	88	90	92	94	96	98	100
EI9411_R1_paired	20395.0	21775.0	23370.0	25515.0	27228.0	31126.0	30659.0	33284.0	34710.0	37322.0	39202.0	43464.0	52802.0	34279.0	27048.0	25526.0	28076.0	30119.0	32735.0	34986.0	38893.0	44892.0	52885.0	58908.0	109478.0	5245754.0
	50	52	54	56	58	60	62	64	66	68	70	72	74	76	78	80	82	84	86	88	90	92	94	96	98	100
EI9411_R2_paired	42880.0	39174.0	27819.0	28986.0	29683.0	32078.0	35027.0	37613.0	40675.0	40364.0	41186.0	46817.0	50340.0	50335.0	53099.0	53766.0	57480.0	58896.0	62389.0	69491.0	72626.0	84029.0	89853.0	99534.0	173444.0	4766847.0
	50	52	54	56	58	60	62	64	66	68	70	72	74	76	78	80	82	84	86	88	90	92	94	96	98	100
EI9604_R1_paired	19611.0	20940.0	22342.0	24715.0	26143.0	29636.0	29542.0	32335.0	33617.0	36244.0	37741.0	41705.0	50112.0	32707.0	25337.0	23960.0	26548.0	28555.0	30736.0	32832.0	37052.0	42457.0	50148.0	55912.0	104067.0	4773459.0
	50	52	54	56	58	60	62	64	66	68	70	72	74	76	78	80	82	84	86	88	90	92	94	96	98	100
EI9604_R2_paired	39796.0	36129.0	25625.0	26699.0	27610.0	29443.0	32767.0	34901.0	37376.0	37244.0	38416.0	43885.0	46479.0	46335.0	49541.0	50424.0	53873.0	54834.0	58565.0	64221.0	67321.0	78522.0	85138.0	92512.0	161424.0	4349373.0
	52	57	62	67	72	77	82	87	92	97	102	107	112	117	122	127	132	137	142	147	150
FR1067_R1_paired	34752.0	35560.0	37435.0	40851.0	44349.0	57871.0	36024.0	35447.0	37949.0	41836.0	45063.0	49386.0	53850.0	59965.0	68654.0	78356.0	91713.0	112339.0	130538.0	366747.0	11270667.0
	52	57	62	67	72	77	82	87	92	97	102	107	112	117	122	127	132	137	142	147	150
FR1067_R2_paired	229687.0	228045.0	219628.0	214460.0	213423.0	214301.0	139478.0	132170.0	140431.0	154261.0	172241.0	217577.0	245397.0	280813.0	324122.0	359567.0	401200.0	458763.0	521155.0	875128.0	6987505.0
	52	57	62	67	72	77	82	87	92	97	102	107	112	117	122	127	132	137	142	147	150
FR1069_R1_paired	38758.0	40583.0	41817.0	45343.0	50081.0	72877.0	42759.0	40280.0	43053.0	46798.0	50525.0	55472.0	60593.0	66738.0	77249.0	88081.0	102374.0	126968.0	146857.0	410089.0	12841878.0
	52	57	62	67	72	77	82	87	92	97	102	107	112	117	122	127	132	137	142	147	150
FR1069_R2_paired	246449.0	253278.0	250349.0	246248.0	249494.0	250642.0	172315.0	158256.0	166148.0	184548.0	207404.0	259517.0	293696.0	337213.0	386184.0	426172.0	473603.0	540099.0	608154.0	1007863.0	7771541.0
	50	52	54	56	58	60	62	64	66	68	70	72	74	76	78	80	82	84	86	88	90	92	94	96	98	100
G17_R1_paired	31998.0	34247.0	33728.0	33596.0	32568.0	32179.0	31526.0	33349.0	34756.0	32653.0	33243.0	27319.0	26132.0	25366.0	29044.0	27725.0	29181.0	30382.0	29179.0	30432.0	32545.0	34266.0	40425.0	47293.0	171609.0	16869432.0
	50	52	54	56	58	60	62	64	66	68	70	72	74	76	78	80	82	84	86	88	90	92	94	96	98	100
G17_R2_paired	66232.0	67498.0	69446.0	71388.0	74544.0	75895.0	78715.0	79579.0	78175.0	75556.0	68521.0	68428.0	68126.0	70429.0	72603.0	67185.0	57053.0	50023.0	47881.0	51935.0	55555.0	97345.0	62195.0	68363.0	236211.0	15935292.0
	50	51	52	53	54	55	56	57	58	59	60	61	62	63	64	65	66	67	68	69	70	71	72	73	74	75
GFSI1-7-2_R1_paired	137147.0	47147.0	58833.0	76072.0	108669.0	199831.0	59613.0	91202.0	120405.0	177871.0	291238.0	90864.0	115514.0	154886.0	191890.0	332754.0	90647.0	124399.0	157178.0	235112.0	399993.0	93733.0	124250.0	183088.0	548152.0	22420099.0
	50	51	52	53	54	55	56	57	58	59	60	61	62	63	64	65	66	67	68	69	70	71	72	73	74	75
GFSI1-7-2_R2_paired	126525.0	54607.0	68909.0	84260.0	105172.0	164169.0	67066.0	85131.0	105481.0	137151.0	210926.0	79179.0	103381.0	130085.0	173832.0	274112.0	94264.0	120907.0	168077.0	241509.0	393064.0	111405.0	150246.0	228370.0	644081.0	22508678.0
	52	57	62	67	72	77	82	87	92	97	102	107	112	117	122	127	132	137	142	147	150
GN0001_R1_paired	27034.0	28382.0	29460.0	32327.0	35529.0	52469.0	30186.0	28872.0	30472.0	33723.0	35822.0	39369.0	43757.0	48491.0	55430.0	62959.0	74149.0	92526.0	105972.0	298722.0	9173336.0
	52	57	62	67	72	77	82	87	92	97	102	107	112	117	122	127	132	137	142	147	150
GN0001_R2_paired	165620.0	171394.0	171751.0	170274.0	170849.0	174076.0	118207.0	108232.0	114764.0	127824.0	144411.0	182432.0	207052.0	235674.0	272822.0	303221.0	336552.0	385133.0	433956.0	724935.0	5639808.0
	52	57	62	67	72	77	82	87	92	97	102	107	112	117	122	127	132	137	142	147	150
GY0040_R1_paired	21498.0	22637.0	23989.0	26391.0	29157.0	36716.0	22836.0	22637.0	24058.0	26992.0	28702.0	31835.0	35080.0	39019.0	44974.0	50301.0	60160.0	74755.0	86605.0	249882.0	7740439.0
	52	57	62	67	72	77	82	87	92	97	102	107	112	117	122	127	132	137	142	147	150
GY0040_R2_paired	146769.0	147185.0	143342.0	139328.0	140081.0	140213.0	88885.0	85072.0	90041.0	99351.0	113090.0	144815.0	163920.0	188149.0	218315.0	243559.0	273566.0	315752.0	359952.0	608184.0	4849094.0
	52	57	62	67	72	77	82	87	92	97	102	107	112	117	122	127	132	137	142	147	151
IN0017_R1_paired	10579.0	11690.0	13722.0	18559.0	21901.0	32279.0	22541.0	26098.0	31201.0	35692.0	39698.0	44746.0	49207.0	53380.0	60098.0	63644.0	69701.0	81032.0	94101.0	131110.0	4224947.0
	52	57	62	67	72	77	82	87	92	97	102	107	112	117	122	127	132	137	142	147	151
IN0017_R2_paired	75389.0	76637.0	74513.0	75970.0	79550.0	77336.0	53070.0	56151.0	62779.0	73373.0	92882.0	110039.0	128919.0	150338.0	173142.0	184701.0	207437.0	236287.0	240700.0	269181.0	2637532.0
	52	57	62	67	72	77	82	87	92	97	102	107	112	117	122	127	132	137	142	147	151
IN0054_R1_paired	19786.0	20538.0	21598.0	25119.0	26246.0	36264.0	23596.0	23975.0	25525.0	27150.0	28717.0	30790.0	33142.0	35228.0	39496.0	43066.0	48949.0	58397.0	72388.0	109712.0	9525017.0
	52	57	62	67	72	77	82	87	92	97	102	107	112	117	122	127	132	137	142	147	151
IN0054_R2_paired	176441.0	175675.0	168688.0	172878.0	176220.0	174402.0	121411.0	122525.0	132641.0	150967.0	184605.0	211449.0	245032.0	280421.0	321067.0	338986.0	375522.0	429391.0	440008.0	498439.0	5377931.0
	52	57	62	67	72	77	82	87	92	97	102	107	112	117	122	127	132	137	142	147	151
IN0059_R1_paired	9063.0	9207.0	9688.0	11725.0	11790.0	14292.0	10105.0	10652.0	11308.0	12193.0	13005.0	13951.0	14873.0	16094.0	18151.0	19469.0	22256.0	26408.0	32865.0	49455.0	4232668.0
	52	57	62	67	72	77	82	87	92	97	102	107	112	117	122	127	132	137	142	147	151
IN0059_R2_paired	87669.0	82289.0	75855.0	76178.0	76861.0	75472.0	50335.0	52040.0	55768.0	63384.0	77564.0	89642.0	103412.0	119738.0	137785.0	145537.0	162553.0	187440.0	192676.0	219856.0	2437164.0
	52	57	62	67	72	77	82	87	92	97	102	107	112	117	122	127	132	137	142	147	151
IN0114_R1_paired	27955.0	24682.0	23536.0	24937.0	25541.0	39908.0	24068.0	22252.0	23202.0	24827.0	26833.0	29238.0	31759.0	34614.0	39788.0	44420.0	51427.0	62166.0	78990.0	121823.0	8948668.0
	52	57	62	67	72	77	82	87	92	97	102	107	112	117	122	127	132	137	142	147	151
IN0114_R2_paired	155420.0	158939.0	154942.0	160337.0	166347.0	155569.0	118069.0	115154.0	126452.0	146376.0	183172.0	212915.0	248171.0	285133.0	325451.0	344167.0	378342.0	430252.0	434429.0	483309.0	4947688.0
	52	57	62	67	72	77	82	87	92	97	102	107	112	117	122	127	132	137	142	147	151
IN0115_R1_paired	19218.0	19853.0	20943.0	24956.0	25198.0	29019.0	21788.0	22910.0	24867.0	26079.0	27487.0	29469.0	31410.0	33722.0	37955.0	40484.0	46190.0	54948.0	68498.0	103793.0	10053071.0
	52	57	62	67	72	77	82	87	92	97	102	107	112	117	122	127	132	137	142	147	151
IN0115_R2_paired	210312.0	208384.0	200374.0	207326.0	209684.0	200824.0	131922.0	141558.0	154645.0	175654.0	215327.0	247339.0	283788.0	325226.0	368594.0	389869.0	425803.0	484270.0	489307.0	542869.0	5148783.0
	52	57	62	67	72	77	82	87	92	97	102	107	112	117	122	127	132	137	142	147	151
IN0116_R1_paired	19570.0	20476.0	21244.0	25256.0	25987.0	33969.0	23599.0	23264.0	25323.0	26461.0	28534.0	30560.0	33006.0	35541.0	40116.0	43202.0	49291.0	59433.0	73599.0	110797.0	9178131.0
	52	57	62	67	72	77	82	87	92	97	102	107	112	117	122	127	132	137	142	147	151
IN0116_R2_paired	179921.0	175657.0	163609.0	166522.0	169859.0	167370.0	114246.0	116424.0	127201.0	143609.0	175414.0	202233.0	231252.0	265991.0	297418.0	324766.0	359166.0	411007.0	419938.0	473682.0	5242074.0
	52	57	62	67	72	77	82	87	92	97	102	107	112	117	122	127	132	137	142	147	152	157	162	167	172	177	182	187	192	197	202	207	212	217	222	227	231
INA168_R1_paired	6037.0	5418.0	5480.0	5607.0	7194.0	7817.0	6578.0	6362.0	7184.0	7947.0	9108.0	10034.0	10575.0	10506.0	11797.0	13689.0	15346.0	16822.0	18406.0	19582.0	22000.0	23510.0	24137.0	27193.0	31848.0	32435.0	36814.0	42100.0	47372.0	52706.0	58715.0	66573.0	74537.0	84579.0	93683.0	353422.0	2591673.0
	52	57	62	67	72	77	82	87	92	97	102	107	112	117	122	127	132	137	142	147	152	157	162	167	172	177	182	187	192	197	202	207	212	217	222	227	231
INA168_R2_paired	17040.0	18218.0	16829.0	17354.0	18320.0	19326.0	20840.0	21437.0	20082.0	22111.0	23672.0	25411.0	28996.0	32144.0	35015.0	38178.0	37749.0	38841.0	46354.0	56926.0	65310.0	72154.0	80973.0	86767.0	96177.0	107867.0	110893.0	124213.0	147915.0	162822.0	170727.0	172592.0	171865.0	184978.0	189946.0	316487.0	1048257.0
	52	57	62	67	72	77	82	87	92	97	102	107	112	117	122	127	132	137	142	147	150
IR00102_R1_paired	40160.0	42106.0	43203.0	47500.0	51139.0	76400.0	42820.0	40841.0	43342.0	48152.0	52218.0	57217.0	61722.0	68694.0	78606.0	89168.0	104482.0	130043.0	148992.0	413948.0	12486616.0
	52	57	62	67	72	77	82	87	92	97	102	107	112	117	122	127	132	137	142	147	150
IR00102_R2_paired	247014.0	253300.0	247625.0	242243.0	243606.0	248751.0	170699.0	154330.0	163423.0	178257.0	201186.0	252863.0	286133.0	325376.0	375186.0	414026.0	461217.0	527764.0	594928.0	985328.0	7594114.0
	52	57	62	67	72	77	82	87	92	97	102	107	112	117	122	127	132	137	142	147	150
IR0013_R1_paired	35337.0	39039.0	43476.0	53667.0	64852.0	106966.0	63591.0	69399.0	79412.0	94349.0	105682.0	120013.0	135480.0	151215.0	171218.0	192100.0	220892.0	260318.0	288063.0	631127.0	9067262.0
	52	57	62	67	72	77	82	87	92	97	102	107	112	117	122	127	132	137	142	147	150
IR0013_R2_paired	206448.0	211943.0	208841.0	203378.0	206183.0	198957.0	136242.0	125388.0	133407.0	149775.0	172342.0	219951.0	254708.0	292670.0	337521.0	374827.0	416398.0	476929.0	538068.0	876313.0	6253169.0
	52	57	62	67	72	77	82	87	92	97	102	107	112	117	122	127	132	137	142	147	150
IR0015_R1_paired	30516.0	32125.0	33137.0	36380.0	39274.0	61561.0	34011.0	31791.0	33383.0	37566.0	40460.0	43867.0	47732.0	53123.0	61523.0	69704.0	82545.0	100587.0	116886.0	330234.0	10189009.0
	52	57	62	67	72	77	82	87	92	97	102	107	112	117	122	127	132	137	142	147	150
IR0015_R2_paired	218101.0	224783.0	222529.0	217817.0	218791.0	218490.0	149622.0	137449.0	144271.0	159829.0	180422.0	225776.0	255238.0	289735.0	332739.0	367063.0	405109.0	457342.0	512390.0	829159.0	5738759.0
	52	57	62	67	72	77	82	87	92	97	102	107	112	117	122	127	132	137	142	147	150
IR0083_R1_paired	25573.0	26479.0	27734.0	30181.0	32856.0	44618.0	27111.0	26750.0	28553.0	31483.0	34121.0	37330.0	40719.0	45923.0	52178.0	59138.0	69739.0	85745.0	99020.0	278211.0	8284948.0
	52	57	62	67	72	77	82	87	92	97	102	107	112	117	122	127	132	137	142	147	150
IR0083_R2_paired	168954.0	173647.0	172068.0	169856.0	169806.0	170979.0	111038.0	105993.0	113425.0	125274.0	141278.0	178055.0	201394.0	228326.0	261075.0	287666.0	317807.0	360795.0	403551.0	662183.0	4865240.0
	52	57	62	67	72	77	82	87	92	97	102	107	112	117	122	127	132	137	142	147	150
IR0084_R1_paired	62032.0	51622.0	49872.0	50665.0	53378.0	68281.0	40039.0	39328.0	41804.0	47536.0	52018.0	57184.0	62819.0	70545.0	83224.0	95889.0	112053.0	140893.0	165253.0	465003.0	11902068.0
	52	57	62	67	72	77	82	87	92	97	102	107	112	117	122	127	132	137	142	147	150
IR0084_R2_paired	211883.0	225267.0	226247.0	227525.0	234608.0	218142.0	142271.0	141384.0	153797.0	174417.0	201746.0	257791.0	298277.0	341958.0	398614.0	441473.0	489877.0	554606.0	618676.0	1001051.0	7151896.0
	52	57	62	67	72	77	82	87	92	97	102	107	112	117	122	127	132	137	142	147	150
IR0088_R1_paired	39378.0	41808.0	43339.0	47415.0	50316.0	68878.0	40583.0	40198.0	43304.0	48349.0	51881.0	56743.0	62292.0	69765.0	80484.0	91275.0	106495.0	131445.0	151538.0	420417.0	13064700.0
	52	57	62	67	72	77	82	87	92	97	102	107	112	117	122	127	132	137	142	147	150
IR0088_R2_paired	262655.0	270821.0	268247.0	264495.0	265876.0	264988.0	172730.0	164826.0	175796.0	194185.0	217085.0	273091.0	309093.0	352167.0	402587.0	444635.0	493177.0	559391.0	627751.0	1028313.0	7738694.0
	52	57	62	67	72	77	82	87	92	97	102	107	112	117	122	127	132	137	142	147	150
IR0095_R1_paired	39125.0	40711.0	42638.0	45874.0	49705.0	82585.0	45807.0	40786.0	42531.0	47103.0	50574.0	55533.0	60820.0	67151.0	77433.0	87703.0	102537.0	125673.0	145288.0	392990.0	11783246.0
	52	57	62	67	72	77	82	87	92	97	102	107	112	117	122	127	132	137	142	147	150
IR0095_R2_paired	211724.0	217942.0	215467.0	212201.0	213764.0	220709.0	166637.0	138753.0	146614.0	161342.0	180694.0	227546.0	256883.0	292737.0	335675.0	373302.0	415709.0	475322.0	539000.0	904676.0	7519116.0
	52	57	62	67	72	77	82	87	92	97	102	107	112	117	122	127	132	137	142	147	150
IT0010_R1_paired	32800.0	35725.0	38459.0	45245.0	50998.0	68762.0	43134.0	45271.0	50776.0	59476.0	67536.0	78342.0	90465.0	106489.0	126383.0	151199.0	183215.0	234254.0	279624.0	690447.0	11372783.0
	52	57	62	67	72	77	82	87	92	97	102	107	112	117	122	127	132	137	142	147	150
IT0010_R2_paired	218423.0	225207.0	222959.0	222077.0	224503.0	218673.0	136829.0	133687.0	145665.0	163729.0	186767.0	240920.0	281090.0	322197.0	375653.0	416154.0	465664.0	536090.0	611442.0	1009611.0	7494043.0
	52	57	62	67	72	77	82	87	92	97	102	107	112	117	122	127	132	137	142	147	150
JP0091_R1_paired	30981.0	32489.0	34184.0	37633.0	40862.0	56527.0	33284.0	32770.0	34680.0	38288.0	41702.0	46090.0	49927.0	55878.0	64086.0	72950.0	84885.0	105557.0	123596.0	347202.0	10659796.0
	52	57	62	67	72	77	82	87	92	97	102	107	112	117	122	127	132	137	142	147	150
JP0091_R2_paired	186566.0	192136.0	192139.0	190335.0	192748.0	194446.0	128849.0	121353.0	129461.0	143831.0	162394.0	207035.0	236098.0	269498.0	311420.0	344248.0	384558.0	442396.0	502328.0	842887.0	6648641.0
	52	57	62	67	72	77	82	87	92	97	102	107	112	117	122	127	132	137	142	147	150
ML0060_R1_paired	44276.0	36818.0	35428.0	36615.0	38499.0	47096.0	27846.0	27718.0	29529.0	33649.0	36240.0	40593.0	45058.0	51149.0	59396.0	68766.0	82311.0	103266.0	123831.0	361815.0	9593651.0
	52	57	62	67	72	77	82	87	92	97	102	107	112	117	122	127	132	137	142	147	150
ML0060_R2_paired	158469.0	168641.0	172468.0	174917.0	181258.0	163544.0	104498.0	104994.0	114442.0	131739.0	153917.0	199294.0	232935.0	270459.0	314268.0	349951.0	391026.0	444219.0	502423.0	814881.0	5775207.0
	52	57	62	67	72	77	82	87	92	97	102	107	112	117	122	127	132	137	142	147	151
ML0062_R1_paired	14076.0	14742.0	15567.0	18561.0	19073.0	23597.0	16315.0	16981.0	18272.0	19246.0	20605.0	21814.0	23705.0	25361.0	28743.0	30867.0	35283.0	41610.0	52161.0	79720.0	6996895.0
	52	57	62	67	72	77	82	87	92	97	102	107	112	117	122	127	132	137	142	147	151
ML0062_R2_paired	125851.0	123166.0	117668.0	120338.0	121896.0	121401.0	81186.0	83547.0	91311.0	103243.0	127073.0	147369.0	170053.0	195931.0	225692.0	240376.0	266730.0	309454.0	318777.0	364264.0	4077868.0
	52	57	62	67	72	77	82	87	92	97	102	107	112	117	122	127	132	137	142	147	151
NG0012_R1_paired	11558.0	12151.0	12609.0	15108.0	15342.0	18650.0	13229.0	13752.0	14310.0	15442.0	16403.0	17624.0	18801.0	20144.0	22536.0	24450.0	28013.0	33168.0	41063.0	62619.0	5517886.0
	52	57	62	67	72	77	82	87	92	97	102	107	112	117	122	127	132	137	142	147	151
NG0012_R2_paired	101821.0	97957.0	92283.0	94319.0	95481.0	93459.0	62306.0	63947.0	69754.0	78884.0	97201.0	113468.0	130331.0	149946.0	173108.0	184473.0	207055.0	239046.0	247243.0	283302.0	3269474.0
	52	57	62	67	72	77	82	87	92	97	102	107	112	117	122	127	132	137	142	147	151
NG0054_R1_paired	15549.0	17301.0	20185.0	26520.0	32036.0	48618.0	32135.0	37171.0	42887.0	49668.0	55801.0	62466.0	67989.0	74337.0	82869.0	88054.0	96690.0	111380.0	131108.0	183351.0	6126973.0
	52	57	62	67	72	77	82	87	92	97	102	107	112	117	122	127	132	137	142	147	151
NG0054_R2_paired	99435.0	101961.0	98340.0	100235.0	105044.0	103719.0	73826.0	74925.0	83580.0	98442.0	124041.0	147860.0	174277.0	203964.0	237486.0	255849.0	286683.0	333093.0	341810.0	386501.0	3972017.0
	52	57	62	67	72	77	82	87	92	97	102	107	112	117	122	127	132	137	142	147	151
NP0058_R1_paired	233504.0	229827.0	222125.0	230115.0	232721.0	220793.0	149459.0	154652.0	168449.0	191360.0	233793.0	266681.0	304667.0	345145.0	385787.0	403244.0	434880.0	484243.0	477988.0	517070.0	4109852.0
	52	57	62	67	72	77	82	87	92	97	102	107	112	117	122	127	132	137	142	147	151
NP0058_R2_paired	18005.0	18971.0	19646.0	22905.0	23881.0	32430.0	21053.0	21820.0	23335.0	24764.0	26289.0	27608.0	29464.0	31944.0	35336.0	38605.0	44158.0	52560.0	65025.0	99371.0	9319185.0
	50	52	54	56	58	60	62	64	66	68	70	72	74	76	78	80	82	84	86	88	90	92	94	96	98	100	102	104	106	108	110	112	114	116	118	120	122	124	126
P131_R1_paired	115505.0	121153.0	125502.0	132453.0	139882.0	147389.0	154827.0	162064.0	168038.0	177520.0	191231.0	268509.0	265359.0	224194.0	232217.0	251320.0	281572.0	304738.0	325934.0	328249.0	332410.0	344264.0	363424.0	390608.0	421754.0	465249.0	495910.0	528507.0	582604.0	637229.0	667128.0	715429.0	775914.0	843311.0	930112.0	1125603.0	1955631.0	10549644.0	48125209.0
	50	52	54	56	58	60	62	64	66	68	70	72	74	76	78	80	82	84	86	88	90	92	94	96	98	100	102	104	106	108	110	112	114	116	118	120	122	124	126
P131_R2_paired	166065.0	167986.0	170850.0	176620.0	181796.0	185057.0	187398.0	198160.0	309801.0	226043.0	220847.0	234064.0	245536.0	254546.0	266855.0	284734.0	307248.0	331122.0	355408.0	383820.0	394981.0	402009.0	416833.0	452385.0	500653.0	546787.0	563808.0	585109.0	613825.0	648375.0	670340.0	704641.0	729314.0	765777.0	848436.0	1063083.0	1840123.0	10336434.0	47430727.0
	192	197	202	207	212	217	222	227	232	237	242	247	252	257	262	267	272	277	282	287	292	297	300
P28_R1_paired	1.0	0.0	0.0	0.0	0.0	0.0	0.0	0.0	0.0	0.0	0.0	0.0	0.0	0.0	0.0	0.0	0.0	0.0	0.0	0.0	0.0	4.0	8979341.0
	172	177	182	187	192	197	202	207	212	217	222	227	232	237	242	247	252	257	262	267	272	277	282	287	292	297	300
P28_R2_paired	5.0	0.0	0.0	0.0	0.0	0.0	0.0	0.0	0.0	0.0	0.0	0.0	1.0	0.0	0.0	0.0	0.0	0.0	0.0	0.0	0.0	0.0	0.0	0.0	0.0	0.0	8979340.0
	122	127	132	137	142	147	152	157	162	167	172	177	182	187	192	197	202	207	212	217	222	227	232	237	242	247	252	257	262	267	272	277	282	287	292	297	300
P29_R1_paired	1.0	0.0	0.0	0.0	0.0	0.0	0.0	0.0	0.0	0.0	0.0	0.0	0.0	0.0	2.0	0.0	0.0	0.0	0.0	0.0	0.0	0.0	0.0	0.0	0.0	0.0	0.0	0.0	0.0	0.0	0.0	0.0	0.0	0.0	0.0	17.0	9335359.0
	137	142	147	152	157	162	167	172	177	182	187	192	197	202	207	212	217	222	227	232	237	242	247	252	257	262	267	272	277	282	287	292	297	300
P29_R2_paired	1.0	1.0	0.0	0.0	0.0	0.0	0.0	1.0	0.0	0.0	0.0	0.0	0.0	0.0	0.0	0.0	0.0	0.0	0.0	0.0	0.0	0.0	0.0	0.0	0.0	0.0	0.0	0.0	0.0	0.0	0.0	1.0	0.0	9335375.0
	300
P3_R1_paired	16130764.0
	172	177	182	187	192	197	202	207	212	217	222	227	232	237	242	247	252	257	262	267	272	277	282	287	292
P3_R2_paired	410513.0	409608.0	805230.0	409154.0	813995.0	0.0	0.0	0.0	0.0	0.0	0.0	0.0	0.0	0.0	1.0	1186955.0	397667.0	812995.0	821865.0	863179.0	1254987.0	853101.0	1332270.0	3086837.0	2672407.0
	50	52	54	56	58	60	62	64	66	68	70	72	74	76	78	80	82	84	86	88	90	92	94	96	98	100
PGPA_R1_paired	33545.0	35538.0	35753.0	35607.0	34080.0	33581.0	32877.0	34823.0	36887.0	34495.0	34749.0	29639.0	28217.0	27753.0	31521.0	30369.0	31797.0	32319.0	32052.0	33033.0	34574.0	37114.0	43748.0	50422.0	183523.0	18101798.0
	50	52	54	56	58	60	62	64	66	68	70	72	74	76	78	80	82	84	86	88	90	92	94	96	98	100
PGPA_R2_paired	63217.0	64464.0	66716.0	68636.0	71547.0	72963.0	76700.0	76299.0	75176.0	72562.0	65204.0	65198.0	65656.0	67645.0	69963.0	64833.0	54484.0	47854.0	46269.0	49653.0	50329.0	55934.0	64504.0	71322.0	253772.0	17308914.0
	50	52	54	56	58	60	62	64	66	68	70	72	74	76	78	80	82	84	86	88	90	92	94	96	98	100
PgKY_R1_paired	27530.0	29093.0	29138.0	29105.0	28211.0	27493.0	27289.0	28496.0	30127.0	28125.0	28216.0	24102.0	22279.0	22177.0	25133.0	24192.0	25208.0	25939.0	25083.0	26282.0	27659.0	29835.0	34465.0	39874.0	140978.0	14089065.0
	50	52	54	56	58	60	62	64	66	68	70	72	74	76	78	80	82	84	86	88	90	92	94	96	98	100
PgKY_R2_paired	44252.0	45229.0	46313.0	48289.0	50379.0	51728.0	53945.0	54300.0	53126.0	50877.0	46732.0	46495.0	46465.0	48380.0	49841.0	46584.0	38061.0	33631.0	32037.0	34696.0	34944.0	39391.0	45672.0	49879.0	178284.0	13625564.0
	50	52	54	56	58	60	62	64	66	68	70	72	74	76	78	80	82	84	86	88	90	92	94	96	98
Py0925_R1_paired	67949.0	63254.0	64209.0	68124.0	71785.0	71065.0	74667.0	93361.0	94970.0	92478.0	95966.0	106996.0	107092.0	94464.0	81976.0	84372.0	94022.0	103968.0	116457.0	125756.0	141634.0	185100.0	201818.0	346828.0	20463795.0
	50	52	54	56	58	60	62	64	66	68	70	72	74	76	78	80	82	84	86	88	90	92	94	96	98	100
Py0925_R2_paired	112068.0	96267.0	82229.0	86572.0	91881.0	78774.0	78992.0	75530.0	80866.0	81412.0	84861.0	87970.0	96685.0	97073.0	103869.0	116568.0	118523.0	124529.0	130534.0	150539.0	168285.0	192121.0	275803.0	277969.0	1752230.0	18469956.0
	50	52	54	56	58	60	62	64	66	68	70	72	74	76	78	80	82	84	86	88	90	92	94	96	98
Py36-1_R1_paired	40461.0	42284.0	44266.0	45890.0	47716.0	52375.0	56529.0	61064.0	62496.0	63775.0	67474.0	80960.0	82453.0	72486.0	65278.0	69250.0	72848.0	77722.0	83244.0	104873.0	106700.0	149195.0	284640.0	212001.0	23528449.0
	50	51	52	53	54	55	56	57	58	59	60	61	62	63	64	65	66	67	68	69	70	71	72	73	74	75	76	77	78	79	80	81	82	83	84	85	86	87	88	89	90	91	92	93	94	95	96	97	98
Py36-1_R2_paired	75300.0	68806.0	68914.0	64580.0	57263.0	58808.0	63016.0	63047.0	63633.0	49832.0	50684.0	49369.0	47830.0	46427.0	46903.0	48034.0	47078.0	48778.0	48593.0	50357.0	53339.0	52893.0	53598.0	55922.0	56279.0	58582.0	60562.0	62397.0	62230.0	65098.0	69169.0	71257.0	71596.0	72769.0	75443.0	78207.0	76861.0	80158.0	84897.0	89184.0	96563.0	96208.0	101352.0	113874.0	132808.0	165425.0	199624.0	380964.0	21819918.0
	50	52	54	56	58	60	62	64	66	68	70	72	74	76	78	80	82	84	86	88	90	92	94	96	98
Py5033_R1_paired	1285.0	1255.0	1190.0	1274.0	1394.0	1347.0	1540.0	1867.0	1890.0	1851.0	1956.0	2118.0	2121.0	1899.0	1636.0	1660.0	1900.0	1935.0	2318.0	2490.0	2684.0	3535.0	6499.0	6883.0	382198.0
	50	52	54	56	58	60	62	64	66	68	70	72	74	76	78	80	82	84	86	88	90	92	94	96	98	100
Py5033_R2_paired	2183.0	1913.0	1676.0	1707.0	1827.0	1578.0	1549.0	1412.0	1575.0	1664.0	1633.0	1668.0	1892.0	1882.0	1982.0	2207.0	2274.0	2496.0	2497.0	2846.0	3156.0	3646.0	5286.0	5712.0	34025.0	346439.0
	50	52	54	56	58	60	62	64	66	68	70	72	74	76	78	80	82	84	86	88	90	92	94	96	98
Py510_R1_paired	41242.0	38328.0	38926.0	41396.0	43936.0	42898.0	45147.0	56940.0	57115.0	56247.0	58367.0	64792.0	64810.0	57096.0	49309.0	51119.0	57271.0	63487.0	71008.0	75579.0	86141.0	112498.0	195502.0	210012.0	12202254.0
	50	52	54	56	58	60	62	64	66	68	70	72	74	76	78	80	82	84	86	88	90	92	94	96	98	100
Py510_R2_paired	64698.0	56170.0	47610.0	50018.0	53647.0	45500.0	45568.0	43735.0	47163.0	46892.0	49293.0	50623.0	55459.0	55910.0	60063.0	67168.0	69113.0	72039.0	75139.0	87131.0	97925.0	111771.0	160439.0	164499.0	1057507.0	11146340.0
	50	52	54	56	58	60	62	64	66	68	70	72	74	76	78	80	82	84	86	88	90	92	94	96	98
Py6017_R1_paired	43974.0	41139.0	41933.0	43839.0	46731.0	46304.0	48765.0	60643.0	62340.0	61240.0	62660.0	70284.0	70034.0	61528.0	52931.0	54603.0	61288.0	67565.0	76175.0	80752.0	91521.0	119648.0	214050.0	230438.0	13670753.0
	50	52	54	56	58	60	62	64	66	68	70	72	74	76	78	80	82	84	86	88	90	92	94	96	98	100
Py6017_R2_paired	75860.0	65787.0	55904.0	58317.0	63014.0	53393.0	53301.0	52132.0	54792.0	55265.0	58008.0	59645.0	65533.0	66193.0	70462.0	78696.0	80715.0	83932.0	87985.0	101582.0	113771.0	130112.0	184452.0	189305.0	1181171.0	12341811.0
	50	52	54	56	58	60	62	64	66	68	70	72	74	76	78	80	82	84	86	88	90	92	94	96	98
Py6045_R1_paired	61234.0	57279.0	58383.0	62011.0	65100.0	64500.0	67684.0	84090.0	85430.0	84303.0	86686.0	95730.0	96894.0	86089.0	76774.0	78962.0	87636.0	97084.0	110652.0	120304.0	137458.0	176600.0	414170.0	1716989.0	16048176.0
	50	52	54	56	58	60	62	64	66	68	70	72	74	76	78	80	82	84	86	88	90	92	94	96	98	100
Py6045_R2_paired	89417.0	77998.0	67173.0	69916.0	74504.0	63399.0	63283.0	60419.0	64756.0	64474.0	68065.0	70198.0	77118.0	77251.0	83402.0	93026.0	94971.0	99532.0	104242.0	121527.0	135582.0	155259.0	226209.0	338805.0	1506382.0	16173310.0
	50	52	54	56	58	60	62	64	66	68	70	72	74	76	78	80	82	84	86	88	90	92	94	96	98
Py86-1_R1_paired	52207.0	48883.0	49241.0	52667.0	55853.0	55045.0	58215.0	72087.0	72618.0	71976.0	73762.0	81630.0	82189.0	73563.0	64552.0	66535.0	74699.0	82567.0	93124.0	101494.0	115029.0	150004.0	359625.0	1490476.0	13810209.0
	50	52	54	56	58	60	62	64	66	68	70	72	74	76	78	80	82	84	86	88	90	92	94	96	98	100
Py86-1_R2_paired	80529.0	69664.0	59290.0	62504.0	66876.0	56708.0	56708.0	54811.0	58325.0	58473.0	60977.0	63133.0	68775.0	69649.0	74160.0	82757.0	84555.0	89649.0	93442.0	108349.0	120855.0	138523.0	202889.0	300103.0	1297734.0	13828812.0
	50	52	54	56	58	60	62	64	66	68	70	72	74	76	78	80	82	84	86	88	90	92	94	96	98	100
SV9610_R1_paired	21146.0	22434.0	24450.0	26334.0	27903.0	31804.0	32127.0	35143.0	36398.0	39419.0	40781.0	45468.0	55020.0	35234.0	27942.0	26469.0	29083.0	31545.0	33824.0	36277.0	40486.0	46451.0	53939.0	61126.0	112755.0	5082684.0
	50	52	54	56	58	60	62	64	66	68	70	72	74	76	78	80	82	84	86	88	90	92	94	96	98	100
SV9610_R2_paired	44574.0	40317.0	28826.0	29544.0	30906.0	33426.0	36756.0	39126.0	42351.0	42035.0	43262.0	49335.0	52029.0	52200.0	55425.0	56520.0	60362.0	61467.0	66022.0	72655.0	75941.0	88025.0	94604.0	102714.0	178067.0	4579753.0
	50	52	54	56	58	60	62	64	66	68	70	72	74	76	78	80	82	84	86	88	90	92	94	96	98	100
SV9623_R1_paired	19139.0	20637.0	22180.0	24348.0	25419.0	29380.0	29653.0	32109.0	33279.0	36130.0	37395.0	41894.0	50501.0	32957.0	25784.0	24291.0	26787.0	28729.0	31335.0	33696.0	37375.0	43699.0	50587.0	56743.0	106511.0	4932308.0
	50	52	54	56	58	60	62	64	66	68	70	72	74	76	78	80	82	84	86	88	90	92	94	96	98	100
SV9623_R2_paired	42043.0	38064.0	26922.0	27724.0	28962.0	31227.0	34872.0	36350.0	39431.0	39516.0	40136.0	45974.0	49049.0	49088.0	51581.0	52567.0	56514.0	57301.0	61705.0	68031.0	70846.0	81903.0	89082.0	96567.0	168312.0	4449099.0
	52	57	62	67	72	77	82	87	92	97	102	107	112	117	122	127	132	137	142	147	152	157	162	167	172	177	182	187	192	197	202	207	212	217	222	227	232	237	242	247	250
T25_R1_paired	71.0	22.0	27.0	17.0	445.0	367.0	263.0	104.0	92.0	42.0	756.0	187.0	39.0	4.0	24.0	67.0	64.0	33.0	52.0	279.0	116.0	83.0	68.0	37.0	100.0	51.0	5.0	2167.0	2294.0	115.0	351.0	2068.0	322.0	719.0	813.0	1025.0	99.0	464.0	1055.0	1009.0	13134207.0
	52	57	62	67	72	77	82	87	92	97	102	107	112	117	122	127	132	137	142	147	152	157	162	167	172	177	182	187	192	197	202	207	212	217	222	227	232	237	242	247	250
T25_R2_paired	5296.0	2571.0	818.0	546.0	470.0	205.0	16.0	344.0	92.0	98.0	83.0	149.0	1.0	1229.0	2913.0	7249.0	11155.0	3551.0	173.0	31.0	206.0	28.0	68.0	9.0	415.0	9.0	28.0	14.0	866.0	31.0	49.0	207.0	293.0	16.0	79.0	9.0	170.0	10.0	168.0	817.0	13109641.0
	52	57	62	67	72	77	82	87	92	97	102	107	112	117	122	127	132	137	142	147	151
TG0004_R1_paired	18742.0	16329.0	15445.0	16592.0	16923.0	22801.0	15005.0	14720.0	15463.0	16584.0	17947.0	20017.0	21303.0	23222.0	26752.0	29644.0	34073.0	41393.0	52703.0	80598.0	6053734.0
	52	57	62	67	72	77	82	87	92	97	102	107	112	117	122	127	132	137	142	147	151
TG0004_R2_paired	95536.0	97461.0	95572.0	99027.0	103381.0	96744.0	70007.0	71298.0	79672.0	92165.0	115686.0	135639.0	156493.0	181778.0	208557.0	221382.0	245078.0	280137.0	286118.0	321916.0	3516343.0
	52	57	62	67	72	77	82	87	92	97	102	107	112	117	122	127	132	137	142	147	151
TG0032_R1_paired	16660.0	17127.0	17977.0	21429.0	22085.0	33273.0	20214.0	19719.0	21168.0	22170.0	23612.0	25277.0	26728.0	28579.0	31996.0	34839.0	39793.0	47158.0	58355.0	89144.0	8639685.0
	52	57	62	67	72	77	82	87	92	97	102	107	112	117	122	127	132	137	142	147	151
TG0032_R2_paired	194841.0	193719.0	185991.0	192176.0	193894.0	185560.0	130628.0	129636.0	141540.0	160134.0	196897.0	226514.0	259874.0	296080.0	332931.0	350919.0	382429.0	431666.0	431136.0	473577.0	4166846.0
	52	57	62	67	72	77	82	87	92	97	102	107	112	117	122	127	132	137	142	147	151
TN0001_R1_paired	14256.0	15132.0	15659.0	18340.0	19098.0	23532.0	16876.0	17227.0	18673.0	19485.0	21035.0	22450.0	24106.0	25915.0	29268.0	31851.0	36611.0	43954.0	54729.0	83067.0	7036897.0
	52	57	62	67	72	77	82	87	92	97	102	107	112	117	122	127	132	137	142	147	151
TN0001_R2_paired	131375.0	129153.0	122845.0	124112.0	126904.0	124975.0	83424.0	87982.0	94724.0	107653.0	132670.0	152189.0	175779.0	201594.0	231883.0	245882.0	272146.0	314629.0	321073.0	365837.0	4041332.0
	52	57	62	67	72	77	82	87	92	97	102	107	112	117	122	127	132	137	142	147	151
TN0002_R1_paired	17345.0	18323.0	19305.0	22439.0	23096.0	28018.0	19641.0	20598.0	22336.0	23306.0	25053.0	26657.0	28709.0	31268.0	34854.0	37363.0	42793.0	51445.0	62914.0	96005.0	8492328.0
	52	57	62	67	72	77	82	87	92	97	102	107	112	117	122	127	132	137	142	147	151
TN0002_R2_paired	169036.0	164079.0	154430.0	157544.0	158949.0	156584.0	104651.0	108921.0	117268.0	133940.0	163633.0	189416.0	217239.0	248893.0	284880.0	301848.0	335439.0	383635.0	391876.0	442477.0	4759058.0
	52	57	62	67	72	77	82	87	92	97	102	107	112	117	122	127	132	137	142	147	150
TN0050_R1_paired	22993.0	24471.0	25826.0	28695.0	31109.0	35527.0	23324.0	23872.0	25829.0	28484.0	31022.0	34243.0	37686.0	41764.0	47723.0	54643.0	64089.0	79633.0	94102.0	272556.0	8604737.0
	52	57	62	67	72	77	82	87	92	97	102	107	112	117	122	127	132	137	142	147	150
TN0050_R2_paired	169822.0	174270.0	173009.0	171524.0	172995.0	166957.0	100906.0	103023.0	111152.0	123215.0	140396.0	178185.0	203629.0	232342.0	266705.0	294215.0	327863.0	373940.0	422294.0	690988.0	5034898.0
	52	57	62	67	72	77	82	87	92	97	102	107	112	117	122	127	132	137	142	147	151
TN0057_R1_paired	18706.0	19693.0	20857.0	24403.0	24904.0	29558.0	21192.0	22331.0	23753.0	25385.0	27153.0	28925.0	30555.0	33198.0	37782.0	40675.0	46702.0	55463.0	69186.0	104396.0	8965962.0
	52	57	62	67	72	77	82	87	92	97	102	107	112	117	122	127	132	137	142	147	151
TN0057_R2_paired	178986.0	171411.0	161087.0	163311.0	165042.0	161224.0	106442.0	109831.0	119447.0	135823.0	166806.0	193755.0	223587.0	256180.0	294610.0	313220.0	349295.0	402748.0	413727.0	469624.0	5114623.0
	52	57	62	67	72	77	82	87	92	97	102	107	112	117	122	127	132	137	142	147	151
TN0065_R1_paired	24203.0	27081.0	31288.0	42463.0	49913.0	72651.0	49655.0	58806.0	69155.0	79580.0	88498.0	99021.0	109879.0	117805.0	131533.0	139024.0	154760.0	176759.0	207201.0	288874.0	9379721.0
	52	57	62	67	72	77	82	87	92	97	102	107	112	117	122	127	132	137	142	147	151
TN0065_R2_paired	163068.0	165372.0	159842.0	162893.0	169771.0	167377.0	113656.0	120700.0	135256.0	158380.0	200072.0	235557.0	277218.0	323899.0	372436.0	401928.0	446831.0	514148.0	526348.0	590383.0	5992735.0
	52	57	62	67	72	77	82	87	92	97	102	107	112	117	122	127	132	137	142	147	151
TN0090_R1_paired	16064.0	16767.0	17513.0	20505.0	21515.0	31252.0	19366.0	19701.0	20721.0	21891.0	23136.0	25149.0	26495.0	28315.0	31975.0	34317.0	39080.0	46450.0	57695.0	89315.0	8645101.0
	52	57	62	67	72	77	82	87	92	97	102	107	112	117	122	127	132	137	142	147	151
TN0090_R2_paired	200789.0	198711.0	191985.0	198319.0	201652.0	192901.0	132094.0	135253.0	146720.0	167897.0	205802.0	237594.0	271651.0	309440.0	348735.0	365721.0	398016.0	445595.0	443212.0	482703.0	3977533.0
	52	57	62	67	72	77	82	87	92	97	102	107	112	117	122	127	132	137	142	147	150
TR0025_R1_paired	31603.0	33597.0	35368.0	39128.0	42371.0	57726.0	33954.0	33192.0	35247.0	39396.0	42647.0	46937.0	51774.0	57603.0	65567.0	75170.0	87683.0	109959.0	129868.0	368759.0	10889712.0
	52	57	62	67	72	77	82	87	92	97	102	107	112	117	122	127	132	137	142	147	150
TR0025_R2_paired	204163.0	208634.0	204240.0	200720.0	203641.0	203025.0	133752.0	123637.0	132894.0	147702.0	166760.0	213185.0	243599.0	279521.0	321963.0	357062.0	397355.0	458696.0	520328.0	870108.0	6716276.0
	52	57	62	67	72	77	82	87	92	97	102	107	112	117	122	127	132	137	142	147	151
US0041_R1_paired	12198.0	12719.0	13789.0	15733.0	16535.0	19663.0	13941.0	14831.0	15839.0	17221.0	17821.0	19059.0	20541.0	21925.0	24691.0	26689.0	30068.0	36129.0	45271.0	68690.0	6288794.0
	52	57	62	67	72	77	82	87	92	97	102	107	112	117	122	127	132	137	142	147	151
US0041_R2_paired	111682.0	109045.0	102686.0	105687.0	108827.0	106410.0	69650.0	72754.0	78912.0	91024.0	112836.0	130891.0	152542.0	177777.0	205321.0	219892.0	247306.0	285507.0	293362.0	336468.0	3633568.0
	52	57	62	67	72	77	82	87	92	97	102	107	112	117	122	127	132	137	142	147	150
US0064_R1_paired	32964.0	34578.0	35429.0	39566.0	43375.0	69000.0	36462.0	34232.0	36891.0	40380.0	43615.0	47462.0	52172.0	58138.0	67153.0	75748.0	88420.0	109570.0	128223.0	359365.0	10865190.0
	52	57	62	67	72	77	82	87	92	97	102	107	112	117	122	127	132	137	142	147	150
US0064_R2_paired	215553.0	219980.0	216111.0	211621.0	215141.0	216874.0	154193.0	134378.0	142344.0	155660.0	175195.0	220476.0	249076.0	284385.0	327346.0	362047.0	402045.0	458033.0	518480.0	858770.0	6560225.0
	52	57	62	67	72	77	82	87	92	97	102	107	112	117	122	127	132	137	142	147	151
VT0027_R1_paired	11881.0	12538.0	12706.0	14827.0	16150.0	37981.0	18892.0	14550.0	15046.0	15966.0	16839.0	17752.0	19402.0	21170.0	23456.0	25800.0	29203.0	35073.0	43745.0	66538.0	5605269.0
	52	57	62	67	72	77	82	87	92	97	102	107	112	117	122	127	132	137	142	147	151
VT0027_R2_paired	108222.0	107447.0	103847.0	105225.0	106144.0	106094.0	91981.0	74096.0	79266.0	89950.0	110134.0	127630.0	146953.0	167847.0	192844.0	204543.0	225356.0	258333.0	263238.0	297598.0	3108036.0
	52	57	62	67	72	77	82	87	92	97	102	107	112	117	122	127	132	137	142	147	151
VT0030_R1_paired	14834.0	15551.0	16389.0	19304.0	19590.0	22160.0	16330.0	17806.0	18976.0	20175.0	21305.0	22911.0	24435.0	26701.0	29373.0	32124.0	36548.0	43147.0	53210.0	80965.0	7221942.0
	52	57	62	67	72	77	82	87	92	97	102	107	112	117	122	127	132	137	142	147	151
VT0030_R2_paired	129478.0	127464.0	120401.0	122536.0	125381.0	123830.0	80683.0	86235.0	94208.0	106597.0	131279.0	150818.0	173786.0	200675.0	230924.0	245493.0	274586.0	317696.0	326230.0	374155.0	4231321.0
	50	51	52	53	54	55	56	57	58	59	60	61	62	63	64	65	66	67	68	69	70	71	72	73	74	75
Z2-1_R1_paired	230480.0	58091.0	77766.0	103831.0	154362.0	288838.0	68461.0	92630.0	127881.0	196167.0	350798.0	80843.0	111899.0	152530.0	233101.0	418896.0	91574.0	126841.0	178017.0	282183.0	508774.0	96063.0	130028.0	189739.0	569225.0	21064804.0
	50	51	52	53	54	55	56	57	58	59	60	61	62	63	64	65	66	67	68	69	70	71	72	73	74	75
Z2-1_R2_paired	149236.0	49215.0	63707.0	78760.0	110351.0	181501.0	57185.0	73662.0	98481.0	137326.0	219839.0	66465.0	86269.0	115388.0	165554.0	279673.0	76531.0	103148.0	143711.0	205692.0	351053.0	85149.0	107801.0	159465.0	481159.0	22337501.0

