	26.0	27.0	28.0	29.0	30.0	31.0	32.0	33.0	34.0	35.0	36.0	37.0	38.0	39.0	40.0
12-1-205_R1_paired	1.0	10.0	125.0	594.0	2131.0	5952.0	14377.0	30636.0	59016.0	105915.0	180753.0	308565.0	578922.0	1345743.0	3048803.0
	25.0	26.0	27.0	28.0	29.0	30.0	31.0	32.0	33.0	34.0	35.0	36.0	37.0	38.0	39.0	40.0
12-1-205_R2_paired	3.0	50.0	346.0	1933.0	7204.0	20196.0	48975.0	102100.0	191660.0	336953.0	558589.0	874208.0	1226031.0	1320903.0	830833.0	161559.0
	26.0	27.0	28.0	29.0	30.0	31.0	32.0	33.0	34.0	35.0	36.0	37.0	38.0	39.0	40.0
AG0004_R1_paired	3.0	22.0	247.0	1394.0	5654.0	16551.0	41822.0	89401.0	166710.0	284135.0	446364.0	687111.0	1109632.0	2174953.0	4822290.0
	25.0	26.0	27.0	28.0	29.0	30.0	31.0	32.0	33.0	34.0	35.0	36.0	37.0	38.0	39.0	40.0
AG0004_R2_paired	6.0	68.0	578.0	2968.0	11281.0	33341.0	83710.0	176333.0	331597.0	553885.0	835389.0	1161952.0	1500707.0	1831098.0	2084965.0	1238411.0
	30.0
B2_R1_paired	7977972.0
	30.0
B2_R2_paired	7977972.0
	30.0
B51_R1_paired	7074306.0
	30.0
B51_R2_paired	7074306.0
	26.0	27.0	28.0	29.0	30.0	31.0	32.0	33.0	34.0	35.0	36.0	37.0	38.0	39.0	40.0
BF0072_R1_paired	4.0	20.0	251.0	1055.0	3820.0	11130.0	25333.0	50738.0	92032.0	160104.0	285318.0	564170.0	1261800.0	2779310.0	2667149.0
	25.0	26.0	27.0	28.0	29.0	30.0	31.0	32.0	33.0	34.0	35.0	36.0	37.0	38.0	39.0	40.0
BF0072_R2_paired	5.0	68.0	502.0	2391.0	9269.0	27416.0	67048.0	141675.0	267328.0	447068.0	681644.0	959510.0	1261434.0	1536911.0	1674229.0	825736.0
	26.0	27.0	28.0	29.0	30.0	31.0	32.0	33.0	34.0	35.0	36.0	37.0	38.0	39.0	40.0
BN0019_R1_paired	3.0	22.0	192.0	1070.0	3773.0	10798.0	24472.0	47448.0	81683.0	131140.0	202517.0	317252.0	549415.0	1311973.0	6914522.0
	24.0	25.0	26.0	27.0	28.0	29.0	30.0	31.0	32.0	33.0	34.0	35.0	36.0	37.0	38.0	39.0	40.0
BN0019_R2_paired	1.0	5.0	72.0	671.0	3394.0	12128.0	35613.0	85776.0	180584.0	342614.0	586270.0	919912.0	1322078.0	1710452.0	1946222.0	1793704.0	656784.0
	25.0	26.0	27.0	28.0	29.0	30.0	31.0	32.0	33.0	34.0	35.0	36.0	37.0	38.0	39.0	40.0
BN0119_R1_paired	6.0	52.0	344.0	1840.0	6354.0	18430.0	43869.0	91338.0	169340.0	288865.0	454866.0	662935.0	889964.0	1090188.0	1171827.0	570783.0
	27.0	28.0	29.0	30.0	31.0	32.0	33.0	34.0	35.0	36.0	37.0	38.0	39.0	40.0
BN0119_R2_paired	22.0	139.0	709.0	2608.0	7063.0	16035.0	31005.0	52812.0	83067.0	126513.0	196586.0	330729.0	756153.0	3857560.0
	25.0	26.0	27.0	28.0	29.0	30.0	31.0	32.0	33.0	34.0	35.0	36.0	37.0	38.0	39.0	40.0
BN0123_R1_paired	1.0	2.0	29.0	170.0	878.0	3183.0	9129.0	20812.0	42038.0	75419.0	125221.0	200515.0	323172.0	556860.0	1219658.0	3854434.0
	25.0	26.0	27.0	28.0	29.0	30.0	31.0	32.0	33.0	34.0	35.0	36.0	37.0	38.0	39.0	40.0
BN0123_R2_paired	6.0	48.0	389.0	2090.0	7731.0	22747.0	54764.0	114259.0	212956.0	357929.0	548796.0	775118.0	1017966.0	1232427.0	1345570.0	738725.0
	27.0	28.0	29.0	30.0	31.0	32.0	33.0	34.0	35.0	36.0	37.0	38.0	39.0	40.0
BN0202_R1_paired	21.0	179.0	913.0	3169.0	8593.0	19109.0	36479.0	62428.0	98132.0	149861.0	232394.0	396961.0	930383.0	4970467.0
	25.0	26.0	27.0	28.0	29.0	30.0	31.0	32.0	33.0	34.0	35.0	36.0	37.0	38.0	39.0	40.0
BN0202_R2_paired	4.0	66.0	484.0	2491.0	8934.0	25130.0	59181.0	122978.0	229592.0	393328.0	620470.0	899682.0	1192146.0	1408897.0	1381716.0	563990.0
	26.0	27.0	28.0	29.0	30.0	31.0	32.0	33.0	34.0	35.0	36.0	37.0	38.0	39.0	40.0
BN0252_R1_paired	2.0	30.0	256.0	1262.0	4558.0	12237.0	27643.0	53208.0	89307.0	140258.0	214351.0	330358.0	556396.0	1268520.0	6468905.0
	24.0	25.0	26.0	27.0	28.0	29.0	30.0	31.0	32.0	33.0	34.0	35.0	36.0	37.0	38.0	39.0	40.0
BN0252_R2_paired	1.0	3.0	46.0	447.0	2194.0	8149.0	24138.0	59238.0	126916.0	244371.0	428079.0	693350.0	1039400.0	1441419.0	1841616.0	2114452.0	1143472.0
	26.0	27.0	28.0	29.0	30.0	31.0	32.0	33.0	34.0	35.0	36.0	37.0
Br48_R1_paired	8.0	130.0	997.0	5352.0	18884.0	49307.0	98425.0	175593.0	314124.0	750665.0	5893989.0	971289.0
	25.0	26.0	27.0	28.0	29.0	30.0	31.0	32.0	33.0	34.0	35.0	36.0	37.0
Br48_R2_paired	6.0	84.0	498.0	2478.0	9158.0	24753.0	56682.0	108150.0	196424.0	386211.0	1116296.0	5850094.0	527929.0
	25.0	26.0	27.0	28.0	29.0	30.0	31.0	32.0	33.0	34.0	35.0	36.0	37.0	38.0	39.0	40.0
Br58_R1_paired	1.0	13.0	58.0	153.0	408.0	925.0	1781.0	3172.0	5440.0	8862.0	14248.0	23623.0	41308.0	81882.0	136540.0	1.0
	25.0	26.0	27.0	28.0	29.0	30.0	31.0	32.0	33.0	34.0	35.0	36.0	37.0	38.0	39.0	40.0
Br58_R2_paired	3.0	15.0	62.0	205.0	511.0	1211.0	2260.0	3812.0	6534.0	10364.0	16362.0	26807.0	46200.0	93108.0	110960.0	1.0
	25.0	26.0	27.0	28.0	29.0	30.0	31.0	32.0	33.0	34.0	35.0	36.0	37.0	38.0	39.0	40.0
Br62_R1_paired	6.0	124.0	1448.0	8169.0	28421.0	69291.0	133729.0	224564.0	348660.0	547945.0	996052.0	2329208.0	3966522.0	2226308.0	227155.0	2236.0
	24.0	25.0	26.0	27.0	28.0	29.0	30.0	31.0	32.0	33.0	34.0	35.0	36.0	37.0	38.0	39.0	40.0
Br62_R2_paired	33.0	653.0	6682.0	30551.0	56830.0	107093.0	178328.0	265849.0	395836.0	560149.0	787164.0	1219775.0	2312444.0	3383839.0	1664885.0	138963.0	764.0
	26.0	27.0	28.0	29.0	30.0	31.0	32.0	33.0	34.0	35.0	36.0	37.0
Br80_R1_paired	3.0	42.0	558.0	3331.0	14611.0	47731.0	116791.0	234134.0	399410.0	613746.0	948927.0	2417956.0
	25.0	26.0	27.0	28.0	29.0	30.0	31.0	32.0	33.0	34.0	35.0	36.0	37.0
Br80_R2_paired	11.0	179.0	1551.0	7337.0	25349.0	68038.0	152226.0	282659.0	456794.0	659407.0	909613.0	1157524.0	1076552.0
	26.0	27.0	28.0	29.0	30.0	31.0	32.0	33.0	34.0	35.0	36.0	37.0	38.0	39.0	40.0
CD0065_R1_paired	2.0	41.0	234.0	1115.0	3999.0	11039.0	24507.0	46557.0	78938.0	123675.0	188614.0	293983.0	497796.0	1153582.0	5741916.0
	25.0	26.0	27.0	28.0	29.0	30.0	31.0	32.0	33.0	34.0	35.0	36.0	37.0	38.0	39.0	40.0
CD0065_R2_paired	2.0	63.0	499.0	2526.0	9423.0	27183.0	65314.0	137423.0	257838.0	444691.0	703299.0	1025582.0	1372116.0	1656949.0	1707939.0	755151.0
	26.0	27.0	28.0	29.0	30.0	31.0	32.0	33.0	34.0	35.0	36.0	37.0	38.0	39.0	40.0
CD0142_R1_paired	1.0	44.0	309.0	1478.0	5351.0	14619.0	32791.0	63178.0	106866.0	167969.0	257439.0	398459.0	678834.0	1583774.0	8122217.0
	25.0	26.0	27.0	28.0	29.0	30.0	31.0	32.0	33.0	34.0	35.0	36.0	37.0	38.0	39.0	40.0
CD0142_R2_paired	5.0	59.0	512.0	2694.0	9967.0	29899.0	74942.0	164005.0	321923.0	574648.0	937152.0	1399983.0	1909896.0	2362535.0	2532136.0	1112973.0
	27.0	28.0	29.0	30.0	31.0	32.0	33.0	34.0	35.0	36.0	37.0	38.0	39.0	40.0
CH0043_R1_paired	33.0	287.0	1465.0	5097.0	14331.0	32802.0	63005.0	107293.0	168725.0	257890.0	398997.0	679181.0	1584159.0	8563522.0
	25.0	26.0	27.0	28.0	29.0	30.0	31.0	32.0	33.0	34.0	35.0	36.0	37.0	38.0	39.0	40.0
CH0043_R2_paired	5.0	89.0	683.0	3436.0	12502.0	36950.0	90282.0	193119.0	370963.0	650279.0	1045366.0	1537733.0	2058120.0	2459081.0	2437726.0	980453.0
	26.0	27.0	28.0	29.0	30.0	31.0	32.0	33.0	34.0	35.0	36.0	37.0	38.0	39.0	40.0
CH0072_R1_paired	1.0	36.0	262.0	1239.0	4406.0	12152.0	27374.0	52462.0	88555.0	138686.0	210235.0	323900.0	547012.0	1266093.0	6159617.0
	24.0	25.0	26.0	27.0	28.0	29.0	30.0	31.0	32.0	33.0	34.0	35.0	36.0	37.0	38.0	39.0	40.0
CH0072_R2_paired	1.0	6.0	65.0	497.0	2646.0	9425.0	27458.0	66077.0	140413.0	266515.0	460513.0	734803.0	1077107.0	1459902.0	1798917.0	1910562.0	877123.0
	26.0	27.0	28.0	29.0	30.0	31.0	32.0	33.0	34.0	35.0	36.0	37.0	38.0	39.0	40.0
CH0452_R1_paired	2.0	23.0	162.0	991.0	3454.0	9628.0	22730.0	44309.0	78991.0	128559.0	206081.0	330439.0	565652.0	1233929.0	4092514.0
	25.0	26.0	27.0	28.0	29.0	30.0	31.0	32.0	33.0	34.0	35.0	36.0	37.0	38.0	39.0	40.0
CH0452_R2_paired	2.0	43.0	337.0	1718.0	6630.0	19736.0	49107.0	105404.0	201183.0	346399.0	543230.0	783663.0	1051219.0	1301194.0	1466918.0	840681.0
	26.0	27.0	28.0	29.0	30.0	31.0	32.0	33.0	34.0	35.0	36.0	37.0	38.0	39.0	40.0
CH0461_R1_paired	6.0	35.0	273.0	1289.0	4683.0	13005.0	29304.0	56023.0	96502.0	152984.0	235088.0	365249.0	624613.0	1467791.0	7675872.0
	25.0	26.0	27.0	28.0	29.0	30.0	31.0	32.0	33.0	34.0	35.0	36.0	37.0	38.0	39.0	40.0
CH0461_R2_paired	8.0	106.0	817.0	4088.0	14760.0	42262.0	100216.0	208005.0	387452.0	661292.0	1027797.0	1465345.0	1892047.0	2152525.0	2000000.0	765997.0
	25.0	26.0	27.0	28.0	29.0	30.0	31.0	32.0	33.0	34.0	35.0	36.0	37.0	38.0	39.0	40.0
CH0533_R1_paired	2.0	52.0	359.0	1754.0	6548.0	19202.0	46567.0	99686.0	192473.0	334461.0	541616.0	809134.0	1121342.0	1431690.0	1620623.0	838878.0
	26.0	27.0	28.0	29.0	30.0	31.0	32.0	33.0	34.0	35.0	36.0	37.0	38.0	39.0	40.0
CH0533_R2_paired	2.0	28.0	198.0	924.0	3434.0	9650.0	21558.0	41641.0	70665.0	111250.0	169921.0	263553.0	443663.0	1013456.0	4914444.0
	26.0	27.0	28.0	29.0	30.0	31.0	32.0	33.0	34.0	35.0	36.0	37.0	38.0	39.0	40.0
CH1103_R1_paired	3.0	21.0	187.0	954.0	3289.0	9111.0	19854.0	37633.0	63957.0	99176.0	149348.0	227925.0	378983.0	861807.0	4467793.0
	25.0	26.0	27.0	28.0	29.0	30.0	31.0	32.0	33.0	34.0	35.0	36.0	37.0	38.0	39.0	40.0
CH1103_R2_paired	7.0	34.0	335.0	1630.0	5979.0	17806.0	43742.0	93232.0	179145.0	313705.0	504916.0	749399.0	1026908.0	1279680.0	1409118.0	694405.0
	26.0	27.0	28.0	29.0	30.0	31.0	32.0	33.0	34.0	35.0	36.0	37.0	38.0	39.0	40.0
CH1164_R1_paired	2.0	17.0	134.0	682.0	2590.0	7120.0	16043.0	30564.0	51956.0	81710.0	124104.0	190994.0	322996.0	750098.0	3699420.0
	25.0	26.0	27.0	28.0	29.0	30.0	31.0	32.0	33.0	34.0	35.0	36.0	37.0	38.0	39.0	40.0
CH1164_R2_paired	2.0	43.0	260.0	1382.0	4793.0	14663.0	35922.0	78238.0	152869.0	272327.0	442901.0	657463.0	895904.0	1099164.0	1145031.0	477468.0
	26.0	27.0	28.0	29.0	30.0	31.0	32.0	33.0	34.0	35.0	36.0	37.0	38.0	39.0	40.0
CM0028_R1_paired	4.0	55.0	429.0	2339.0	8404.0	24325.0	57758.0	117369.0	212521.0	348617.0	530472.0	788921.0	1257024.0	2800303.0	9996463.0
	25.0	26.0	27.0	28.0	29.0	30.0	31.0	32.0	33.0	34.0	35.0	36.0	37.0	38.0	39.0	40.0
CM0028_R2_paired	8.0	146.0	1145.0	5674.0	20818.0	59352.0	139797.0	284787.0	518196.0	854699.0	1305217.0	1851664.0	2482591.0	3122339.0	3573686.0	1924885.0
	25.0	26.0	27.0	28.0	29.0	30.0	31.0	32.0	33.0	34.0	35.0	36.0	37.0	38.0	39.0	40.0
EI9411_R1_paired	3.0	53.0	521.0	3776.0	16666.0	50002.0	116907.0	225918.0	382682.0	603681.0	960587.0	1516793.0	1605529.0	619499.0	81711.0	103.0
	25.0	26.0	27.0	28.0	29.0	30.0	31.0	32.0	33.0	34.0	35.0	36.0	37.0	38.0	39.0	40.0
EI9411_R2_paired	25.0	389.0	3037.0	15403.0	51190.0	124615.0	232120.0	361116.0	504906.0	693998.0	988930.0	1363008.0	1262003.0	492753.0	90474.0	464.0
	26.0	27.0	28.0	29.0	30.0	31.0	32.0	33.0	34.0	35.0	36.0	37.0	38.0	39.0	40.0
EI9604_R1_paired	43.0	507.0	3581.0	16172.0	48762.0	113498.0	217440.0	363696.0	568303.0	885153.0	1365587.0	1434030.0	567707.0	83857.0	117.0
	24.0	25.0	26.0	27.0	28.0	29.0	30.0	31.0	32.0	33.0	34.0	35.0	36.0	37.0	38.0	39.0	40.0
EI9604_R2_paired	2.0	25.0	342.0	2661.0	14043.0	47226.0	115454.0	216738.0	336361.0	471072.0	641465.0	903547.0	1224653.0	1134779.0	464169.0	95390.0	526.0
	26.0	27.0	28.0	29.0	30.0	31.0	32.0	33.0	34.0	35.0	36.0	37.0	38.0	39.0	40.0
FR1067_R1_paired	4.0	51.0	336.0	1823.0	6819.0	19459.0	46596.0	95228.0	171915.0	280969.0	427326.0	631444.0	991234.0	2158922.0	7897226.0
	25.0	26.0	27.0	28.0	29.0	30.0	31.0	32.0	33.0	34.0	35.0	36.0	37.0	38.0	39.0	40.0
FR1067_R2_paired	10.0	69.0	655.0	3181.0	12181.0	35786.0	88021.0	189211.0	359120.0	617199.0	976335.0	1432359.0	1965333.0	2540485.0	2969046.0	1540361.0
	26.0	27.0	28.0	29.0	30.0	31.0	32.0	33.0	34.0	35.0	36.0	37.0	38.0	39.0	40.0
FR1069_R1_paired	4.0	54.0	398.0	2010.0	7396.0	22181.0	52107.0	106413.0	191776.0	314623.0	478128.0	708960.0	1111014.0	2407942.0	9086167.0
	25.0	26.0	27.0	28.0	29.0	30.0	31.0	32.0	33.0	34.0	35.0	36.0	37.0	38.0	39.0	40.0
FR1069_R2_paired	6.0	102.0	866.0	4135.0	15107.0	43949.0	105715.0	220297.0	409997.0	695320.0	1084214.0	1585356.0	2179935.0	2839042.0	3378053.0	1927079.0
	24.0	25.0	26.0	27.0	28.0	29.0	30.0	31.0	32.0	33.0	34.0	35.0	36.0	37.0	38.0	39.0	40.0
G17_R1_paired	1.0	15.0	254.0	2343.0	12772.0	44244.0	108904.0	212210.0	358602.0	562182.0	887436.0	1649632.0	3972954.0	6409951.0	3303796.0	286789.0	2088.0
	24.0	25.0	26.0	27.0	28.0	29.0	30.0	31.0	32.0	33.0	34.0	35.0	36.0	37.0	38.0	39.0	40.0
G17_R2_paired	35.0	952.0	10696.0	47585.0	85033.0	164006.0	274411.0	417752.0	631302.0	900067.0	1267208.0	2014896.0	3903322.0	5447545.0	2466608.0	181897.0	858.0
	23.0	24.0	25.0	26.0	27.0	28.0	29.0	30.0	31.0	32.0	33.0	34.0	35.0	36.0	37.0	38.0
GFSI1-7-2_R1_paired	5.0	77.0	837.0	5375.0	23084.0	70986.0	168346.0	328767.0	558580.0	905596.0	1495031.0	2552677.0	4432655.0	8592308.0	7496190.0	73.0
	23.0	24.0	25.0	26.0	27.0	28.0	29.0	30.0	31.0	32.0	33.0	34.0	35.0	36.0	37.0	38.0
GFSI1-7-2_R2_paired	6.0	191.0	1825.0	10304.0	38710.0	104599.0	226509.0	420080.0	711726.0	1150963.0	1817552.0	2827183.0	4574914.0	8128230.0	6617773.0	22.0
	26.0	27.0	28.0	29.0	30.0	31.0	32.0	33.0	34.0	35.0	36.0	37.0	38.0	39.0	40.0
GN0001_R1_paired	2.0	36.0	287.0	1543.0	5665.0	16288.0	38828.0	79337.0	142583.0	231614.0	350734.0	516540.0	810469.0	1755361.0	6409700.0
	25.0	26.0	27.0	28.0	29.0	30.0	31.0	32.0	33.0	34.0	35.0	36.0	37.0	38.0	39.0	40.0
GN0001_R2_paired	4.0	82.0	557.0	3118.0	11204.0	32212.0	76106.0	158152.0	291061.0	488897.0	762301.0	1111566.0	1538987.0	2022050.0	2449726.0	1412964.0
	26.0	27.0	28.0	29.0	30.0	31.0	32.0	33.0	34.0	35.0	36.0	37.0	38.0	39.0	40.0
GY0040_R1_paired	2.0	29.0	232.0	1225.0	4555.0	13363.0	32135.0	64723.0	116445.0	188082.0	286523.0	424224.0	673966.0	1500188.0	5392971.0
	25.0	26.0	27.0	28.0	29.0	30.0	31.0	32.0	33.0	34.0	35.0	36.0	37.0	38.0	39.0	40.0
GY0040_R2_paired	2.0	59.0	434.0	2324.0	8554.0	25158.0	61885.0	131128.0	247274.0	425195.0	670368.0	977803.0	1337254.0	1729898.0	2033361.0	1047966.0
	27.0	28.0	29.0	30.0	31.0	32.0	33.0	34.0	35.0	36.0	37.0	38.0	39.0	40.0
IN0017_R1_paired	14.0	120.0	661.0	2223.0	6490.0	15475.0	30727.0	55881.0	96676.0	172057.0	345390.0	799202.0	1812821.0	1798189.0
	25.0	26.0	27.0	28.0	29.0	30.0	31.0	32.0	33.0	34.0	35.0	36.0	37.0	38.0	39.0	40.0
IN0017_R2_paired	4.0	40.0	340.0	1670.0	6301.0	18677.0	45855.0	97397.0	182156.0	305318.0	464354.0	650145.0	841017.0	1001842.0	1043741.0	477069.0
	26.0	27.0	28.0	29.0	30.0	31.0	32.0	33.0	34.0	35.0	36.0	37.0	38.0	39.0	40.0
IN0054_R1_paired	3.0	34.0	271.0	1452.0	5122.0	13836.0	30915.0	59453.0	101030.0	158957.0	240961.0	372057.0	621457.0	1418771.0	7250380.0
	25.0	26.0	27.0	28.0	29.0	30.0	31.0	32.0	33.0	34.0	35.0	36.0	37.0	38.0	39.0	40.0
IN0054_R2_paired	5.0	83.0	651.0	3052.0	11164.0	31815.0	76718.0	160828.0	302160.0	519955.0	825813.0	1215626.0	1655442.0	2061994.0	2266269.0	1143124.0
	26.0	27.0	28.0	29.0	30.0	31.0	32.0	33.0	34.0	35.0	36.0	37.0	38.0	39.0	40.0
IN0059_R1_paired	1.0	9.0	128.0	658.0	2228.0	6305.0	14060.0	26656.0	45275.0	71171.0	108150.0	166937.0	280709.0	644604.0	3202327.0
	25.0	26.0	27.0	28.0	29.0	30.0	31.0	32.0	33.0	34.0	35.0	36.0	37.0	38.0	39.0	40.0
IN0059_R2_paired	1.0	33.0	245.0	1308.0	4784.0	14038.0	34471.0	72738.0	138162.0	240475.0	382560.0	562152.0	758648.0	935076.0	994116.0	430411.0
	26.0	27.0	28.0	29.0	30.0	31.0	32.0	33.0	34.0	35.0	36.0	37.0	38.0	39.0	40.0
IN0114_R1_paired	3.0	38.0	250.0	1425.0	4916.0	13962.0	32336.0	64214.0	113957.0	187877.0	298151.0	480973.0	831601.0	1828321.0	5872610.0
	25.0	26.0	27.0	28.0	29.0	30.0	31.0	32.0	33.0	34.0	35.0	36.0	37.0	38.0	39.0	40.0
IN0114_R2_paired	5.0	59.0	534.0	2891.0	10490.0	31239.0	77096.0	164851.0	310771.0	528382.0	820864.0	1176355.0	1556256.0	1889080.0	2059664.0	1102097.0
	26.0	27.0	28.0	29.0	30.0	31.0	32.0	33.0	34.0	35.0	36.0	37.0	38.0	39.0	40.0
IN0115_R1_paired	4.0	42.0	254.0	1305.0	4532.0	12763.0	29050.0	56025.0	95129.0	149306.0	228164.0	354348.0	600183.0	1391399.0	7839354.0
	25.0	26.0	27.0	28.0	29.0	30.0	31.0	32.0	33.0	34.0	35.0	36.0	37.0	38.0	39.0	40.0
IN0115_R2_paired	5.0	95.0	697.0	3277.0	12052.0	35146.0	84695.0	180317.0	342475.0	595618.0	946830.0	1382913.0	1847609.0	2201891.0	2200364.0	927874.0
	26.0	27.0	28.0	29.0	30.0	31.0	32.0	33.0	34.0	35.0	36.0	37.0	38.0	39.0	40.0
IN0116_R1_paired	1.0	46.0	257.0	1287.0	4755.0	13394.0	30370.0	58500.0	100334.0	160101.0	243976.0	374621.0	628568.0	1430818.0	6880331.0
	25.0	26.0	27.0	28.0	29.0	30.0	31.0	32.0	33.0	34.0	35.0	36.0	37.0	38.0	39.0	40.0
IN0116_R2_paired	4.0	75.0	531.0	2827.0	10199.0	29347.0	71308.0	150480.0	284045.0	489939.0	787614.0	1161916.0	1591726.0	1996574.0	2220022.0	1130752.0
	26.0	27.0	28.0	29.0	30.0	31.0	32.0	33.0	34.0	35.0	36.0	37.0
INA168_R1_paired	3.0	15.0	164.0	964.0	4469.0	15482.0	42189.0	94396.0	184760.0	359017.0	774313.0	2389014.0
	24.0	25.0	26.0	27.0	28.0	29.0	30.0	31.0	32.0	33.0	34.0	35.0	36.0	37.0
INA168_R2_paired	1.0	8.0	79.0	563.0	2490.0	8650.0	23884.0	53690.0	106244.0	193750.0	363262.0	778323.0	1459238.0	874604.0
	26.0	27.0	28.0	29.0	30.0	31.0	32.0	33.0	34.0	35.0	36.0	37.0	38.0	39.0	40.0
IR00102_R1_paired	5.0	46.0	448.0	2279.0	8567.0	24261.0	57133.0	114898.0	204462.0	328618.0	494571.0	720160.0	1123626.0	2410148.0	8678147.0
	25.0	26.0	27.0	28.0	29.0	30.0	31.0	32.0	33.0	34.0	35.0	36.0	37.0	38.0	39.0	40.0
IR00102_R2_paired	5.0	106.0	804.0	4127.0	15229.0	44123.0	105274.0	219978.0	406692.0	685807.0	1068129.0	1559379.0	2146254.0	2796150.0	3307709.0	1807603.0
	26.0	27.0	28.0	29.0	30.0	31.0	32.0	33.0	34.0	35.0	36.0	37.0	38.0	39.0	40.0
IR0013_R1_paired	3.0	53.0	335.0	1731.0	6581.0	19164.0	47534.0	99447.0	190628.0	336390.0	586587.0	1047803.0	1991422.0	3827284.0	3838496.0
	25.0	26.0	27.0	28.0	29.0	30.0	31.0	32.0	33.0	34.0	35.0	36.0	37.0	38.0	39.0	40.0
IR0013_R2_paired	10.0	102.0	772.0	4071.0	15490.0	45078.0	108417.0	223871.0	405160.0	663726.0	995061.0	1392650.0	1838780.0	2310037.0	2629524.0	1360709.0
	26.0	27.0	28.0	29.0	30.0	31.0	32.0	33.0	34.0	35.0	36.0	37.0	38.0	39.0	40.0
IR0015_R1_paired	3.0	39.0	269.0	1504.0	5795.0	16822.0	40130.0	83253.0	151581.0	248966.0	384063.0	572257.0	910265.0	2008551.0	7081916.0
	24.0	25.0	26.0	27.0	28.0	29.0	30.0	31.0	32.0	33.0	34.0	35.0	36.0	37.0	38.0	39.0	40.0
IR0015_R2_paired	2.0	7.0	93.0	716.0	3907.0	14410.0	41020.0	97356.0	200544.0	367153.0	615532.0	949923.0	1370185.0	1841545.0	2291747.0	2504382.0	1206892.0
	26.0	27.0	28.0	29.0	30.0	31.0	32.0	33.0	34.0	35.0	36.0	37.0	38.0	39.0	40.0
IR0083_R1_paired	1.0	29.0	239.0	1328.0	4850.0	14118.0	34049.0	70006.0	128359.0	209396.0	320172.0	474276.0	745614.0	1610349.0	5775624.0
	24.0	25.0	26.0	27.0	28.0	29.0	30.0	31.0	32.0	33.0	34.0	35.0	36.0	37.0	38.0	39.0	40.0
IR0083_R2_paired	1.0	5.0	93.0	722.0	3493.0	12192.0	34789.0	81170.0	164877.0	298052.0	491939.0	749941.0	1069501.0	1436189.0	1816611.0	2086468.0	1142367.0
	26.0	27.0	28.0	29.0	30.0	31.0	32.0	33.0	34.0	35.0	36.0	37.0	38.0	39.0	40.0
IR0084_R1_paired	1.0	40.0	374.0	2165.0	8052.0	24475.0	61240.0	130952.0	246119.0	414259.0	645750.0	985339.0	1568738.0	3042112.0	6581890.0
	24.0	25.0	26.0	27.0	28.0	29.0	30.0	31.0	32.0	33.0	34.0	35.0	36.0	37.0	38.0	39.0	40.0
IR0084_R2_paired	3.0	6.0	90.0	730.0	3835.0	14871.0	44690.0	109373.0	232928.0	436463.0	735706.0	1127601.0	1591762.0	2101249.0	2604210.0	2980215.0	1727774.0
	26.0	27.0	28.0	29.0	30.0	31.0	32.0	33.0	34.0	35.0	36.0	37.0	38.0	39.0	40.0
IR0088_R1_paired	3.0	54.0	486.0	2223.0	8196.0	23380.0	56181.0	113010.0	204575.0	332968.0	504811.0	740346.0	1155870.0	2491080.0	9117420.0
	24.0	25.0	26.0	27.0	28.0	29.0	30.0	31.0	32.0	33.0	34.0	35.0	36.0	37.0	38.0	39.0	40.0
IR0088_R2_paired	2.0	7.0	95.0	940.0	4564.0	16570.0	47480.0	112465.0	230205.0	421933.0	710010.0	1102964.0	1607349.0	2215413.0	2887846.0	3434591.0	1958169.0
	26.0	27.0	28.0	29.0	30.0	31.0	32.0	33.0	34.0	35.0	36.0	37.0	38.0	39.0	40.0
IR0095_R1_paired	3.0	50.0	381.0	2123.0	7759.0	22405.0	53563.0	109087.0	195456.0	316002.0	475488.0	690317.0	1063261.0	2230448.0	8259470.0
	24.0	25.0	26.0	27.0	28.0	29.0	30.0	31.0	32.0	33.0	34.0	35.0	36.0	37.0	38.0	39.0	40.0
IR0095_R2_paired	1.0	8.0	85.0	582.0	3153.0	11791.0	34744.0	84194.0	179459.0	338407.0	579901.0	919942.0	1363094.0	1916900.0	2590292.0	3296636.0	2106624.0
	26.0	27.0	28.0	29.0	30.0	31.0	32.0	33.0	34.0	35.0	36.0	37.0	38.0	39.0	40.0
IT0010_R1_paired	3.0	51.0	342.0	1883.0	7176.0	21311.0	51628.0	106468.0	195340.0	329447.0	532692.0	873818.0	1603252.0	3607020.0	6520952.0
	25.0	26.0	27.0	28.0	29.0	30.0	31.0	32.0	33.0	34.0	35.0	36.0	37.0	38.0	39.0	40.0
IT0010_R2_paired	4.0	107.0	867.0	4449.0	16501.0	48747.0	117462.0	242924.0	443943.0	730407.0	1100719.0	1548258.0	2073034.0	2662957.0	3155206.0	1705798.0
	26.0	27.0	28.0	29.0	30.0	31.0	32.0	33.0	34.0	35.0	36.0	37.0	38.0	39.0	40.0
JP0091_R1_paired	4.0	46.0	365.0	1704.0	6438.0	18731.0	45428.0	91690.0	165584.0	267571.0	405650.0	595688.0	930022.0	2011137.0	7483309.0
	25.0	26.0	27.0	28.0	29.0	30.0	31.0	32.0	33.0	34.0	35.0	36.0	37.0	38.0	39.0	40.0
JP0091_R2_paired	11.0	103.0	699.0	3664.0	13462.0	38532.0	91868.0	187772.0	345138.0	575429.0	885163.0	1276996.0	1754302.0	2310935.0	2844890.0	1694403.0
	26.0	27.0	28.0	29.0	30.0	31.0	32.0	33.0	34.0	35.0	36.0	37.0	38.0	39.0	40.0
ML0060_R1_paired	7.0	36.0	310.0	1597.0	6181.0	19028.0	47907.0	100243.0	188409.0	313952.0	490118.0	754634.0	1223459.0	2427630.0	5350039.0
	25.0	26.0	27.0	28.0	29.0	30.0	31.0	32.0	33.0	34.0	35.0	36.0	37.0	38.0	39.0	40.0
ML0060_R2_paired	6.0	65.0	506.0	3072.0	11611.0	34788.0	86933.0	186174.0	351552.0	592094.0	904033.0	1271680.0	1668269.0	2069991.0	2375976.0	1366800.0
	26.0	27.0	28.0	29.0	30.0	31.0	32.0	33.0	34.0	35.0	36.0	37.0	38.0	39.0	40.0
ML0062_R1_paired	1.0	38.0	258.0	1141.0	3909.0	10806.0	24169.0	45058.0	75446.0	116513.0	176185.0	270158.0	455442.0	1040386.0	5313684.0
	25.0	26.0	27.0	28.0	29.0	30.0	31.0	32.0	33.0	34.0	35.0	36.0	37.0	38.0	39.0	40.0
ML0062_R2_paired	2.0	48.0	400.0	1930.0	7588.0	21561.0	51770.0	109496.0	207457.0	362022.0	581936.0	869007.0	1202652.0	1532730.0	1729881.0	854714.0
	26.0	27.0	28.0	29.0	30.0	31.0	32.0	33.0	34.0	35.0	36.0	37.0	38.0	39.0	40.0
NG0012_R1_paired	1.0	16.0	183.0	865.0	3116.0	8260.0	18583.0	34868.0	58272.0	90349.0	136237.0	210035.0	355414.0	810065.0	4218594.0
	25.0	26.0	27.0	28.0	29.0	30.0	31.0	32.0	33.0	34.0	35.0	36.0	37.0	38.0	39.0	40.0
NG0012_R2_paired	2.0	38.0	287.0	1476.0	5468.0	15994.0	39937.0	86964.0	167239.0	294770.0	475943.0	706715.0	965137.0	1212196.0	1344724.0	627968.0
	26.0	27.0	28.0	29.0	30.0	31.0	32.0	33.0	34.0	35.0	36.0	37.0	38.0	39.0	40.0
NG0054_R1_paired	2.0	23.0	201.0	992.0	3673.0	10385.0	23749.0	46796.0	84312.0	143361.0	250782.0	486897.0	1111312.0	2569712.0	2670891.0
	25.0	26.0	27.0	28.0	29.0	30.0	31.0	32.0	33.0	34.0	35.0	36.0	37.0	38.0	39.0	40.0
NG0054_R2_paired	3.0	47.0	398.0	2182.0	8153.0	24292.0	59461.0	127109.0	240172.0	405510.0	626784.0	891903.0	1186079.0	1463453.0	1598891.0	768651.0
	25.0	26.0	27.0	28.0	29.0	30.0	31.0	32.0	33.0	34.0	35.0	36.0	37.0	38.0	39.0	40.0
NP0058_R1_paired	11.0	116.0	792.0	4243.0	15156.0	43479.0	103610.0	215551.0	401487.0	680851.0	1048223.0	1465365.0	1835479.0	1975019.0	1662576.0	544397.0
	26.0	27.0	28.0	29.0	30.0	31.0	32.0	33.0	34.0	35.0	36.0	37.0	38.0	39.0	40.0
NP0058_R2_paired	1.0	28.0	223.0	1064.0	3894.0	11159.0	25626.0	50214.0	86336.0	138751.0	212594.0	334223.0	578302.0	1398064.0	7155876.0
	24.0	25.0	26.0	27.0	28.0	29.0	30.0	31.0	32.0	33.0	34.0	35.0	36.0	37.0
P131_R1_paired	2.0	71.0	720.0	5064.0	25205.0	92752.0	279839.0	708110.0	1563754.0	3118777.0	5865485.0	10956572.0	21544400.0	30206845.0
	23.0	24.0	25.0	26.0	27.0	28.0	29.0	30.0	31.0	32.0	33.0	34.0	35.0	36.0	37.0
P131_R2_paired	4.0	66.0	904.0	7120.0	33780.0	114295.0	304288.0	672162.0	1287750.0	2199282.0	3517102.0	5566110.0	9423016.0	18676960.0	32564757.0
	30.0
P28_R1_paired	8979346.0
	30.0
P28_R2_paired	8979346.0
	30.0
P29_R1_paired	9335379.0
	30.0
P29_R2_paired	9335379.0
	30.0
P3_R1_paired	16130764.0
	30.0
P3_R2_paired	16130764.0
	25.0	26.0	27.0	28.0	29.0	30.0	31.0	32.0	33.0	34.0	35.0	36.0	37.0	38.0	39.0	40.0
PGPA_R1_paired	16.0	228.0	2183.0	12300.0	44676.0	111942.0	222145.0	376295.0	589812.0	917822.0	1654131.0	3919687.0	6782473.0	3951123.0	519836.0	5145.0
	24.0	25.0	26.0	27.0	28.0	29.0	30.0	31.0	32.0	33.0	34.0	35.0	36.0	37.0	38.0	39.0	40.0
PGPA_R2_paired	39.0	823.0	9992.0	47030.0	86345.0	162496.0	274893.0	417012.0	638231.0	922332.0	1309062.0	2061243.0	4001128.0	5913196.0	2956347.0	309210.0	435.0
	24.0	25.0	26.0	27.0	28.0	29.0	30.0	31.0	32.0	33.0	34.0	35.0	36.0	37.0	38.0	39.0	40.0
PgKY_R1_paired	1.0	14.0	238.0	2045.0	11372.0	39516.0	95726.0	185105.0	307120.0	472906.0	734591.0	1330558.0	3211123.0	5383608.0	2864367.0	255311.0	1493.0
	24.0	25.0	26.0	27.0	28.0	29.0	30.0	31.0	32.0	33.0	34.0	35.0	36.0	37.0	38.0	39.0	40.0
PgKY_R2_paired	24.0	584.0	7605.0	36457.0	61644.0	114762.0	188460.0	286120.0	453519.0	673104.0	985824.0	1618933.0	3301022.0	4813895.0	2201486.0	151470.0	185.0
	25.0	26.0	27.0	28.0	29.0	30.0	31.0	32.0	33.0	34.0	35.0	36.0	37.0	38.0	39.0	40.0
Py0925_R1_paired	9.0	229.0	2771.0	17254.0	70809.0	196688.0	419677.0	746722.0	1179460.0	1796730.0	2909871.0	5077986.0	6638906.0	3501090.0	543955.0	9949.0
	24.0	25.0	26.0	27.0	28.0	29.0	30.0	31.0	32.0	33.0	34.0	35.0	36.0	37.0	38.0	39.0	40.0
Py0925_R2_paired	40.0	522.0	3624.0	16024.0	48811.0	125942.0	278162.0	523354.0	851586.0	1265197.0	1851027.0	2913563.0	5044408.0	6512987.0	3195687.0	475771.0	5401.0
	26.0	27.0	28.0	29.0	30.0	31.0	32.0	33.0	34.0	35.0	36.0	37.0	38.0	39.0
Py36-1_R1_paired	28.0	373.0	3198.0	18353.0	72037.0	205052.0	453447.0	819847.0	1309372.0	2122414.0	4360235.0	10581368.0	5559423.0	69282.0
	24.0	25.0	26.0	27.0	28.0	29.0	30.0	31.0	32.0	33.0	34.0	35.0	36.0	37.0	38.0	39.0
Py36-1_R2_paired	11.0	261.0	2270.0	9974.0	31139.0	83891.0	215656.0	481213.0	885259.0	1370939.0	1927123.0	2786272.0	4785280.0	8882824.0	4054356.0	57961.0
	26.0	27.0	28.0	29.0	30.0	31.0	32.0	33.0	34.0	35.0	36.0	37.0	38.0	39.0	40.0
Py5033_R1_paired	1.0	51.0	373.0	1400.0	3838.0	8403.0	14870.0	23483.0	36157.0	58555.0	99932.0	124418.0	59396.0	5795.0	53.0
	24.0	25.0	26.0	27.0	28.0	29.0	30.0	31.0	32.0	33.0	34.0	35.0	36.0	37.0	38.0	39.0	40.0
Py5033_R2_paired	1.0	10.0	66.0	307.0	945.0	2465.0	5349.0	10132.0	16812.0	25184.0	37146.0	58595.0	99484.0	121561.0	54061.0	4584.0	23.0
	24.0	25.0	26.0	27.0	28.0	29.0	30.0	31.0	32.0	33.0	34.0	35.0	36.0	37.0	38.0	39.0	40.0
Py510_R1_paired	1.0	10.0	159.0	1676.0	10831.0	44060.0	121662.0	258513.0	453473.0	711306.0	1085125.0	1757245.0	3064393.0	3967703.0	2071455.0	326792.0	7016.0
	23.0	24.0	25.0	26.0	27.0	28.0	29.0	30.0	31.0	32.0	33.0	34.0	35.0	36.0	37.0	38.0	39.0	40.0
Py510_R2_paired	1.0	21.0	284.0	2112.0	8775.0	27639.0	71253.0	160031.0	303029.0	497513.0	746831.0	1104775.0	1760791.0	3066795.0	3931097.0	1904411.0	292096.0	3966.0
	25.0	26.0	27.0	28.0	29.0	30.0	31.0	32.0	33.0	34.0	35.0	36.0	37.0	38.0	39.0	40.0
Py6017_R1_paired	3.0	140.0	1595.0	10934.0	45127.0	127021.0	274198.0	490878.0	781134.0	1199580.0	1948764.0	3418091.0	4452823.0	2347792.0	375056.0	8002.0
	23.0	24.0	25.0	26.0	27.0	28.0	29.0	30.0	31.0	32.0	33.0	34.0	35.0	36.0	37.0	38.0	39.0	40.0
Py6017_R2_paired	1.0	16.0	338.0	2554.0	10892.0	33501.0	86952.0	189174.0	355523.0	577396.0	855080.0	1247562.0	1961309.0	3383606.0	4334959.0	2110071.0	327930.0	4274.0
	25.0	26.0	27.0	28.0	29.0	30.0	31.0	32.0	33.0	34.0	35.0	36.0	37.0	38.0	39.0	40.0
Py6045_R1_paired	16.0	191.0	2595.0	16773.0	66204.0	180947.0	378094.0	656942.0	1017021.0	1537605.0	2476800.0	4352619.0	5780586.0	3134547.0	508261.0	11017.0
	23.0	24.0	25.0	26.0	27.0	28.0	29.0	30.0	31.0	32.0	33.0	34.0	35.0	36.0	37.0	38.0	39.0	40.0
Py6045_R2_paired	2.0	16.0	386.0	2628.0	11514.0	35927.0	93675.0	212056.0	408492.0	681667.0	1032538.0	1548099.0	2491214.0	4414108.0	5828221.0	2913360.0	441004.0	5311.0
	24.0	25.0	26.0	27.0	28.0	29.0	30.0	31.0	32.0	33.0	34.0	35.0	36.0	37.0	38.0	39.0	40.0
Py86-1_R1_paired	1.0	12.0	202.0	2220.0	14308.0	55780.0	153660.0	323573.0	565473.0	880039.0	1335762.0	2146977.0	3738501.0	4925935.0	2687565.0	467039.0	11203.0
	24.0	25.0	26.0	27.0	28.0	29.0	30.0	31.0	32.0	33.0	34.0	35.0	36.0	37.0	38.0	39.0	40.0
Py86-1_R2_paired	30.0	357.0	2552.0	10713.0	33768.0	87450.0	195144.0	369696.0	611406.0	916945.0	1356055.0	2153484.0	3753978.0	4919307.0	2483516.0	408326.0	5523.0
	25.0	26.0	27.0	28.0	29.0	30.0	31.0	32.0	33.0	34.0	35.0	36.0	37.0	38.0	39.0	40.0
SV9610_R1_paired	3.0	46.0	569.0	3867.0	16653.0	50797.0	119681.0	231837.0	392513.0	622544.0	996778.0	1554753.0	1544723.0	486915.0	34524.0	39.0
	25.0	26.0	27.0	28.0	29.0	30.0	31.0	32.0	33.0	34.0	35.0	36.0	37.0	38.0	39.0	40.0
SV9610_R2_paired	27.0	373.0	3166.0	16023.0	53254.0	129624.0	241453.0	372134.0	521418.0	715827.0	1021433.0	1381321.0	1193645.0	371859.0	34557.0	128.0
	25.0	26.0	27.0	28.0	29.0	30.0	31.0	32.0	33.0	34.0	35.0	36.0	37.0	38.0	39.0	40.0
SV9623_R1_paired	5.0	45.0	464.0	3406.0	14947.0	45804.0	108994.0	214656.0	365157.0	579194.0	925999.0	1461724.0	1518626.0	540508.0	53288.0	49.0
	24.0	25.0	26.0	27.0	28.0	29.0	30.0	31.0	32.0	33.0	34.0	35.0	36.0	37.0	38.0	39.0	40.0
SV9623_R2_paired	3.0	20.0	395.0	3036.0	15397.0	51374.0	123364.0	228261.0	350251.0	487691.0	667852.0	948924.0	1298736.0	1180108.0	420587.0	56643.0	224.0
	30.0
T25_R1_paired	13150123.0
	30.0
T25_R2_paired	13150123.0
	27.0	28.0	29.0	30.0	31.0	32.0	33.0	34.0	35.0	36.0	37.0	38.0	39.0	40.0
TG0004_R1_paired	24.0	202.0	973.0	3415.0	9758.0	22073.0	43400.0	76629.0	124936.0	198908.0	317789.0	544167.0	1192599.0	4035117.0
	25.0	26.0	27.0	28.0	29.0	30.0	31.0	32.0	33.0	34.0	35.0	36.0	37.0	38.0	39.0	40.0
TG0004_R2_paired	1.0	28.0	302.0	1585.0	6162.0	18421.0	45824.0	99035.0	189142.0	328082.0	516591.0	754937.0	1018485.0	1274769.0	1463873.0	852753.0
	27.0	28.0	29.0	30.0	31.0	32.0	33.0	34.0	35.0	36.0	37.0	38.0	39.0	40.0
TG0032_R1_paired	31.0	254.0	1222.0	4194.0	11499.0	26167.0	49160.0	83152.0	129657.0	197055.0	306206.0	523738.0	1229718.0	6694935.0
	25.0	26.0	27.0	28.0	29.0	30.0	31.0	32.0	33.0	34.0	35.0	36.0	37.0	38.0	39.0	40.0
TG0032_R2_paired	10.0	89.0	666.0	3423.0	11881.0	34494.0	82376.0	171604.0	323119.0	552513.0	867410.0	1252400.0	1634904.0	1884240.0	1769812.0	668047.0
	26.0	27.0	28.0	29.0	30.0	31.0	32.0	33.0	34.0	35.0	36.0	37.0	38.0	39.0	40.0
TN0001_R1_paired	2.0	25.0	214.0	971.0	3533.0	9961.0	22285.0	43136.0	74141.0	116948.0	178656.0	277157.0	465854.0	1060205.0	5335073.0
	24.0	25.0	26.0	27.0	28.0	29.0	30.0	31.0	32.0	33.0	34.0	35.0	36.0	37.0	38.0	39.0	40.0
TN0001_R2_paired	1.0	4.0	43.0	371.0	2008.0	7440.0	21577.0	51906.0	111036.0	212222.0	370317.0	594203.0	885092.0	1216958.0	1533210.0	1711840.0	869933.0
	26.0	27.0	28.0	29.0	30.0	31.0	32.0	33.0	34.0	35.0	36.0	37.0	38.0	39.0	40.0
TN0002_R1_paired	3.0	40.0	256.0	1297.0	4585.0	12598.0	27723.0	52928.0	89851.0	139935.0	211589.0	328340.0	553966.0	1278236.0	6442449.0
	25.0	26.0	27.0	28.0	29.0	30.0	31.0	32.0	33.0	34.0	35.0	36.0	37.0	38.0	39.0	40.0
TN0002_R2_paired	8.0	72.0	541.0	2653.0	10034.0	28554.0	69742.0	145359.0	275298.0	476395.0	757424.0	1111169.0	1501023.0	1841587.0	1986272.0	937665.0
	26.0	27.0	28.0	29.0	30.0	31.0	32.0	33.0	34.0	35.0	36.0	37.0	38.0	39.0	40.0
TN0050_R1_paired	4.0	33.0	263.0	1314.0	4900.0	14115.0	33672.0	68770.0	123408.0	202808.0	309482.0	459219.0	727220.0	1607167.0	6079953.0
	25.0	26.0	27.0	28.0	29.0	30.0	31.0	32.0	33.0	34.0	35.0	36.0	37.0	38.0	39.0	40.0
TN0050_R2_paired	4.0	76.0	624.0	3148.0	11494.0	33229.0	79809.0	162925.0	299655.0	498742.0	759680.0	1086372.0	1457877.0	1855812.0	2169201.0	1213680.0
	26.0	27.0	28.0	29.0	30.0	31.0	32.0	33.0	34.0	35.0	36.0	37.0	38.0	39.0	40.0
TN0057_R1_paired	3.0	36.0	278.0	1379.0	4807.0	13177.0	29557.0	55817.0	95636.0	150079.0	230038.0	354971.0	599224.0	1384426.0	6751351.0
	25.0	26.0	27.0	28.0	29.0	30.0	31.0	32.0	33.0	34.0	35.0	36.0	37.0	38.0	39.0	40.0
TN0057_R2_paired	3.0	72.0	540.0	2789.0	10056.0	29549.0	72531.0	154274.0	294654.0	512267.0	817774.0	1196629.0	1609009.0	1971727.0	2089409.0	909496.0
	26.0	27.0	28.0	29.0	30.0	31.0	32.0	33.0	34.0	35.0	36.0	37.0	38.0	39.0	40.0
TN0065_R1_paired	2.0	39.0	251.0	1489.0	5367.0	15246.0	35250.0	70239.0	127135.0	217408.0	383208.0	761588.0	1758898.0	3992835.0	4028915.0
	25.0	26.0	27.0	28.0	29.0	30.0	31.0	32.0	33.0	34.0	35.0	36.0	37.0	38.0	39.0	40.0
TN0065_R2_paired	1.0	88.0	719.0	3456.0	13613.0	40014.0	99009.0	210351.0	395671.0	664229.0	1008182.0	1414634.0	1832203.0	2204411.0	2359709.0	1151580.0
	26.0	27.0	28.0	29.0	30.0	31.0	32.0	33.0	34.0	35.0	36.0	37.0	38.0	39.0	40.0
TN0090_R1_paired	1.0	24.0	231.0	1063.0	3839.0	10598.0	24338.0	46866.0	79992.0	126609.0	193258.0	302693.0	525124.0	1263666.0	6674021.0
	25.0	26.0	27.0	28.0	29.0	30.0	31.0	32.0	33.0	34.0	35.0	36.0	37.0	38.0	39.0	40.0
TN0090_R2_paired	6.0	101.0	758.0	3539.0	12880.0	36727.0	88322.0	185527.0	350359.0	597680.0	931188.0	1326240.0	1691030.0	1867961.0	1624644.0	535361.0
	26.0	27.0	28.0	29.0	30.0	31.0	32.0	33.0	34.0	35.0	36.0	37.0	38.0	39.0	40.0
TR0025_R1_paired	3.0	43.0	336.0	1774.0	6819.0	20060.0	48041.0	98457.0	176147.0	285456.0	429299.0	628311.0	984308.0	2156727.0	7471480.0
	25.0	26.0	27.0	28.0	29.0	30.0	31.0	32.0	33.0	34.0	35.0	36.0	37.0	38.0	39.0	40.0
TR0025_R2_paired	5.0	92.0	683.0	3688.0	13621.0	39521.0	94397.0	195035.0	358711.0	598786.0	918537.0	1323995.0	1811462.0	2372639.0	2895438.0	1680651.0
	26.0	27.0	28.0	29.0	30.0	31.0	32.0	33.0	34.0	35.0	36.0	37.0	38.0	39.0	40.0
US0041_R1_paired	5.0	27.0	176.0	846.0	3030.0	8417.0	19093.0	36298.0	61480.0	97168.0	148088.0	228899.0	393657.0	930530.0	4824433.0
	25.0	26.0	27.0	28.0	29.0	30.0	31.0	32.0	33.0	34.0	35.0	36.0	37.0	38.0	39.0	40.0
US0041_R2_paired	1.0	43.0	298.0	1565.0	6018.0	17616.0	44861.0	98660.0	194631.0	347557.0	569093.0	848681.0	1153403.0	1413162.0	1464566.0	591992.0
	26.0	27.0	28.0	29.0	30.0	31.0	32.0	33.0	34.0	35.0	36.0	37.0	38.0	39.0	40.0
US0064_R1_paired	4.0	58.0	365.0	1965.0	7097.0	20583.0	48601.0	98615.0	174936.0	283382.0	427069.0	626402.0	982083.0	2138423.0	7488350.0
	25.0	26.0	27.0	28.0	29.0	30.0	31.0	32.0	33.0	34.0	35.0	36.0	37.0	38.0	39.0	40.0
US0064_R2_paired	8.0	91.0	778.0	4011.0	14137.0	40471.0	95778.0	197920.0	363472.0	608550.0	942850.0	1365147.0	1863289.0	2411357.0	2837900.0	1552174.0
	26.0	27.0	28.0	29.0	30.0	31.0	32.0	33.0	34.0	35.0	36.0	37.0	38.0	39.0	40.0
VT0027_R1_paired	1.0	25.0	184.0	823.0	2918.0	8050.0	18473.0	34846.0	59601.0	94103.0	143690.0	223831.0	382867.0	884430.0	4220942.0
	25.0	26.0	27.0	28.0	29.0	30.0	31.0	32.0	33.0	34.0	35.0	36.0	37.0	38.0	39.0	40.0
VT0027_R2_paired	1.0	53.0	346.0	1665.0	6144.0	17893.0	43143.0	92654.0	177013.0	308199.0	494011.0	732267.0	1001727.0	1242718.0	1336575.0	620375.0
	26.0	27.0	28.0	29.0	30.0	31.0	32.0	33.0	34.0	35.0	36.0	37.0	38.0	39.0	40.0
VT0030_R1_paired	4.0	32.0	241.0	1147.0	4065.0	11228.0	24589.0	45497.0	76505.0	119534.0	179381.0	274591.0	458925.0	1035769.0	5542268.0
	25.0	26.0	27.0	28.0	29.0	30.0	31.0	32.0	33.0	34.0	35.0	36.0	37.0	38.0	39.0	40.0
VT0030_R2_paired	4.0	61.0	352.0	1855.0	7241.0	21438.0	51759.0	110421.0	211072.0	369208.0	598879.0	895601.0	1245895.0	1589279.0	1787015.0	883696.0
	23.0	24.0	25.0	26.0	27.0	28.0	29.0	30.0	31.0	32.0	33.0	34.0	35.0	36.0	37.0	38.0
Z2-1_R1_paired	1.0	45.0	408.0	2914.0	12922.0	41748.0	106948.0	231350.0	445323.0	824865.0	1524254.0	2750580.0	4750586.0	8327618.0	6964119.0	141.0
	23.0	24.0	25.0	26.0	27.0	28.0	29.0	30.0	31.0	32.0	33.0	34.0	35.0	36.0	37.0	38.0
Z2-1_R2_paired	3.0	80.0	805.0	4313.0	16771.0	49160.0	115146.0	232422.0	432102.0	771659.0	1367273.0	2338319.0	4097440.0	7969816.0	8588397.0	116.0

