	12.0	13.0	14.0	15.0	16.0	17.0	18.0	19.0	20.0	21.0	22.0	23.0	24.0	25.0	26.0	27.0	28.0	29.0	30.0	31.0	32.0	33.0	34.0	35.0	36.0	37.0	38.0	39.0	40.0
12-1-205_R1	17.0	27.0	22.0	40.0	73.0	297.0	897.0	2300.0	4540.0	7043.0	10221.0	13738.0	18274.0	24817.0	39172.0	46795.0	51357.0	64033.0	78802.0	96241.0	117905.0	144244.0	179014.0	225159.0	295796.0	416870.0	671428.0	1473376.0	3227826.0
	10.0	11.0	12.0	13.0	14.0	15.0	16.0	17.0	18.0	19.0	20.0	21.0	22.0	23.0	24.0	25.0	26.0	27.0	28.0	29.0	30.0	31.0	32.0	33.0	34.0	35.0	36.0	37.0	38.0	39.0	40.0
12-1-205_R2	1.0	30.0	305.0	1327.0	4839.0	13122.0	26087.0	42021.0	58905.0	77050.0	94910.0	113595.0	133033.0	153282.0	174955.0	196367.0	221368.0	250124.0	281504.0	308575.0	341240.0	379676.0	423254.0	471965.0	528034.0	583784.0	630556.0	642668.0	578152.0	386808.0	92787.0
	13.0	14.0	15.0	16.0	17.0	18.0	19.0	20.0	21.0	22.0	23.0	24.0	25.0	26.0	27.0	28.0	29.0	30.0	31.0	32.0	33.0	34.0	35.0	36.0	37.0	38.0	39.0	40.0
AG0004_R1	3.0	4.0	6.0	40.0	225.0	1109.0	3152.0	6496.0	11188.0	17063.0	24682.0	34656.0	48066.0	65978.0	88530.0	113581.0	143168.0	179090.0	221392.0	270805.0	331469.0	405629.0	505626.0	640098.0	851843.0	1249216.0	2331754.0	5010184.0
	11.0	12.0	13.0	14.0	15.0	16.0	17.0	18.0	19.0	20.0	21.0	22.0	23.0	24.0	25.0	26.0	27.0	28.0	29.0	30.0	31.0	32.0	33.0	34.0	35.0	36.0	37.0	38.0	39.0	40.0
AG0004_R2	10.0	303.0	1794.0	4796.0	10927.0	22305.0	38992.0	57379.0	77247.0	97741.0	120109.0	144422.0	170393.0	196651.0	226066.0	256416.0	290597.0	326751.0	365304.0	411087.0	459749.0	522509.0	593795.0	684238.0	800793.0	958230.0	1177055.0	1489756.0	1862587.0	1187051.0
	30.0
B2_R1	7996502.0
	30.0
B2_R2	7996502.0
	30.0
B51_R1	7090633.0
	30.0
B51_R2	7090633.0
	16.0	17.0	18.0	19.0	20.0	21.0	22.0	23.0	24.0	25.0	26.0	27.0	28.0	29.0	30.0	31.0	32.0	33.0	34.0	35.0	36.0	37.0	38.0	39.0	40.0
BF0072_R1	12.0	59.0	382.0	1435.0	3378.0	6250.0	10055.0	14792.0	22070.0	31854.0	46193.0	65987.0	77799.0	94533.0	116187.0	141958.0	173206.0	215882.0	273281.0	362345.0	514455.0	800961.0	1437120.0	2876243.0	2778356.0
	11.0	12.0	13.0	14.0	15.0	16.0	17.0	18.0	19.0	20.0	21.0	22.0	23.0	24.0	25.0	26.0	27.0	28.0	29.0	30.0	31.0	32.0	33.0	34.0	35.0	36.0	37.0	38.0	39.0	40.0
BF0072_R2	2.0	80.0	1288.0	5564.0	15544.0	30411.0	46917.0	62236.0	77607.0	92407.0	108849.0	126822.0	145943.0	164823.0	185532.0	210569.0	240733.0	267461.0	295602.0	330077.0	372750.0	420463.0	481439.0	555501.0	655763.0	787618.0	971520.0	1214084.0	1444215.0	752973.0
	15.0	16.0	17.0	18.0	19.0	20.0	21.0	22.0	23.0	24.0	25.0	26.0	27.0	28.0	29.0	30.0	31.0	32.0	33.0	34.0	35.0	36.0	37.0	38.0	39.0	40.0
BN0019_R1	2.0	6.0	50.0	247.0	1036.0	2650.0	5016.0	7722.0	10763.0	14846.0	21266.0	40521.0	58653.0	53049.0	64880.0	81601.0	101161.0	124774.0	155495.0	193253.0	246385.0	325043.0	458066.0	730202.0	1619994.0	7550362.0
	11.0	12.0	13.0	14.0	15.0	16.0	17.0	18.0	19.0	20.0	21.0	22.0	23.0	24.0	25.0	26.0	27.0	28.0	29.0	30.0	31.0	32.0	33.0	34.0	35.0	36.0	37.0	38.0	39.0	40.0
BN0019_R2	1.0	293.0	3415.0	10636.0	22733.0	39325.0	57475.0	74146.0	91523.0	111219.0	131674.0	154299.0	179215.0	206164.0	234092.0	268960.0	314089.0	345321.0	378328.0	426078.0	481426.0	546125.0	626952.0	724036.0	848194.0	1001987.0	1193303.0	1399206.0	1436303.0	560525.0
	11.0	12.0	13.0	14.0	15.0	16.0	17.0	18.0	19.0	20.0	21.0	22.0	23.0	24.0	25.0	26.0	27.0	28.0	29.0	30.0	31.0	32.0	33.0	34.0	35.0	36.0	37.0	38.0	39.0	40.0
BN0119_R1	2.0	172.0	2085.0	5706.0	11448.0	19674.0	28250.0	36924.0	45685.0	55156.0	65403.0	75619.0	87952.0	100471.0	114456.0	128684.0	146400.0	164694.0	185500.0	209212.0	239053.0	272517.0	315362.0	367663.0	436097.0	527866.0	654425.0	826736.0	989296.0	509783.0
	14.0	15.0	16.0	17.0	18.0	19.0	20.0	21.0	22.0	23.0	24.0	25.0	26.0	27.0	28.0	29.0	30.0	31.0	32.0	33.0	34.0	35.0	36.0	37.0	38.0	39.0	40.0
BN0119_R2	1.0	2.0	4.0	34.0	180.0	708.0	1768.0	3195.0	4922.0	6802.0	9328.0	13093.0	18565.0	25510.0	31672.0	39772.0	50593.0	62877.0	77227.0	93710.0	115692.0	147060.0	191564.0	267009.0	418701.0	903363.0	4138939.0
	15.0	16.0	17.0	18.0	19.0	20.0	21.0	22.0	23.0	24.0	25.0	26.0	27.0	28.0	29.0	30.0	31.0	32.0	33.0	34.0	35.0	36.0	37.0	38.0	39.0	40.0
BN0123_R1	2.0	8.0	79.0	403.0	1309.0	2750.0	4673.0	7253.0	10095.0	14163.0	19452.0	28133.0	38408.0	47475.0	60678.0	76578.0	96272.0	119458.0	149384.0	185760.0	237018.0	310829.0	431153.0	668888.0	1368325.0	4041078.0
	11.0	12.0	13.0	14.0	15.0	16.0	17.0	18.0	19.0	20.0	21.0	22.0	23.0	24.0	25.0	26.0	27.0	28.0	29.0	30.0	31.0	32.0	33.0	34.0	35.0	36.0	37.0	38.0	39.0	40.0
BN0123_R2	1.0	276.0	3039.0	8552.0	15692.0	25595.0	36262.0	47220.0	58739.0	71325.0	84006.0	97237.0	111553.0	127476.0	143529.0	161652.0	184162.0	205656.0	228818.0	256293.0	289957.0	328767.0	375137.0	433734.0	509705.0	607043.0	745305.0	935570.0	1147848.0	679475.0
	12.0	13.0	14.0	15.0	16.0	17.0	18.0	19.0	20.0	21.0	22.0	23.0	24.0	25.0	26.0	27.0	28.0	29.0	30.0	31.0	32.0	33.0	34.0	35.0	36.0	37.0	38.0	39.0	40.0
BN0202_R1	1.0	0.0	0.0	1.0	3.0	53.0	256.0	890.0	2305.0	4166.0	6371.0	8841.0	12304.0	17254.0	24428.0	33350.0	42133.0	53615.0	66519.0	82503.0	100996.0	122564.0	151645.0	190149.0	247193.0	341679.0	534105.0	1155376.0	5407461.0
	11.0	12.0	13.0	14.0	15.0	16.0	17.0	18.0	19.0	20.0	21.0	22.0	23.0	24.0	25.0	26.0	27.0	28.0	29.0	30.0	31.0	32.0	33.0	34.0	35.0	36.0	37.0	38.0	39.0	40.0
BN0202_R2	3.0	382.0	3660.0	8540.0	17637.0	31406.0	46867.0	60960.0	76033.0	90223.0	104767.0	120029.0	136309.0	153458.0	170403.0	190710.0	212460.0	236267.0	262042.0	294338.0	330191.0	375937.0	429432.0	497695.0	583275.0	696509.0	844799.0	1023976.0	1120005.0	487848.0
	15.0	16.0	17.0	18.0	19.0	20.0	21.0	22.0	23.0	24.0	25.0	26.0	27.0	28.0	29.0	30.0	31.0	32.0	33.0	34.0	35.0	36.0	37.0	38.0	39.0	40.0
BN0252_R1	6.0	9.0	59.0	304.0	1137.0	2789.0	5202.0	7751.0	10722.0	14747.0	20321.0	28897.0	40206.0	49383.0	62917.0	79186.0	97837.0	119811.0	147463.0	182690.0	231452.0	304224.0	423341.0	671633.0	1464634.0	6875091.0
	11.0	12.0	13.0	14.0	15.0	16.0	17.0	18.0	19.0	20.0	21.0	22.0	23.0	24.0	25.0	26.0	27.0	28.0	29.0	30.0	31.0	32.0	33.0	34.0	35.0	36.0	37.0	38.0	39.0	40.0
BN0252_R2	2.0	148.0	1688.0	5894.0	12816.0	23154.0	34322.0	45975.0	58686.0	72908.0	87651.0	103455.0	121840.0	141889.0	163757.0	187430.0	214352.0	245634.0	277855.0	317127.0	363273.0	419397.0	489481.0	578007.0	693573.0	852601.0	1081360.0	1412057.0	1800593.0	1034887.0
	20.0	21.0	22.0	23.0	24.0	25.0	26.0	27.0	28.0	29.0	30.0	31.0	32.0	33.0	34.0	35.0	36.0	37.0	38.0	39.0	40.0
Br62_R1	16.0	156.0	952.0	4239.0	11977.0	25798.0	46022.0	72199.0	103505.0	139024.0	183461.0	240018.0	320626.0	440956.0	642633.0	1094172.0	2428658.0	4046891.0	2254451.0	232307.0	2199.0
	15.0	16.0	17.0	18.0	19.0	20.0	21.0	22.0	23.0	24.0	25.0	26.0	27.0	28.0	29.0	30.0	31.0	32.0	33.0	34.0	35.0	36.0	37.0	38.0	39.0	40.0
Br62_R2	1.0	3.0	12.0	157.0	1232.0	5296.0	15116.0	32266.0	55686.0	86036.0	120260.0	159826.0	202388.0	227609.0	260669.0	295958.0	336375.0	424343.0	559239.0	776158.0	1211019.0	2312732.0	3392184.0	1670400.0	144530.0	765.0
	2.0	3.0	4.0	5.0	6.0	7.0	8.0	9.0	10.0	11.0	12.0	13.0	14.0	15.0	16.0	17.0	18.0	19.0	20.0	21.0	22.0	23.0	24.0	25.0	26.0	27.0	28.0	29.0	30.0	31.0	32.0	33.0	34.0	35.0	36.0	37.0
Br80_R1	556.0	0.0	0.0	0.0	0.0	0.0	0.0	0.0	0.0	0.0	2.0	2.0	28.0	155.0	676.0	2140.0	4434.0	7628.0	11662.0	16406.0	22573.0	30546.0	40140.0	52858.0	68536.0	89436.0	114510.0	146611.0	183800.0	228367.0	283564.0	350546.0	441398.0	578386.0	865287.0	2358523.0
	2.0	3.0	4.0	5.0	6.0	7.0	8.0	9.0	10.0	11.0	12.0	13.0	14.0	15.0	16.0	17.0	18.0	19.0	20.0	21.0	22.0	23.0	24.0	25.0	26.0	27.0	28.0	29.0	30.0	31.0	32.0	33.0	34.0	35.0	36.0	37.0
Br80_R2	557.0	0.0	0.0	0.0	0.0	0.0	0.0	0.0	1.0	13.0	215.0	1531.0	6205.0	17726.0	35231.0	52300.0	69779.0	88109.0	107123.0	128013.0	149098.0	169918.0	192873.0	216747.0	241312.0	270369.0	302721.0	340819.0	384882.0	442877.0	474224.0	426296.0	370568.0	334675.0	365430.0	709158.0
	15.0	16.0	17.0	18.0	19.0	20.0	21.0	22.0	23.0	24.0	25.0	26.0	27.0	28.0	29.0	30.0	31.0	32.0	33.0	34.0	35.0	36.0	37.0	38.0	39.0	40.0
CD0065_R1	1.0	8.0	38.0	255.0	1054.0	2606.0	4640.0	7042.0	10079.0	13706.0	19300.0	29829.0	41653.0	47568.0	59985.0	75393.0	92897.0	113864.0	139603.0	173569.0	219909.0	287584.0	399955.0	632641.0	1378151.0	6191269.0
	12.0	13.0	14.0	15.0	16.0	17.0	18.0	19.0	20.0	21.0	22.0	23.0	24.0	25.0	26.0	27.0	28.0	29.0	30.0	31.0	32.0	33.0	34.0	35.0	36.0	37.0	38.0	39.0	40.0
CD0065_R2	182.0	2245.0	7476.0	16394.0	27665.0	40609.0	53346.0	66728.0	81749.0	97569.0	114510.0	133263.0	153024.0	175147.0	198387.0	228545.0	257556.0	286811.0	324016.0	369102.0	421175.0	487237.0	568454.0	675128.0	812703.0	1001936.0	1246618.0	1428514.0	666510.0
	12.0	13.0	14.0	15.0	16.0	17.0	18.0	19.0	20.0	21.0	22.0	23.0	24.0	25.0	26.0	27.0	28.0	29.0	30.0	31.0	32.0	33.0	34.0	35.0	36.0	37.0	38.0	39.0	40.0
CD0142_R1	1.0	0.0	0.0	1.0	8.0	75.0	386.0	1460.0	3646.0	6554.0	9800.0	13493.0	18480.0	25136.0	35746.0	48943.0	59334.0	74924.0	94152.0	116086.0	142805.0	175538.0	217643.0	277494.0	365209.0	516305.0	828976.0	1847642.0	8697093.0
	11.0	12.0	13.0	14.0	15.0	16.0	17.0	18.0	19.0	20.0	21.0	22.0	23.0	24.0	25.0	26.0	27.0	28.0	29.0	30.0	31.0	32.0	33.0	34.0	35.0	36.0	37.0	38.0	39.0	40.0
CD0142_R2	1.0	114.0	1313.0	5447.0	13604.0	25193.0	37692.0	50864.0	65680.0	82340.0	101888.0	122202.0	144902.0	170482.0	199071.0	229429.0	267605.0	309377.0	352990.0	408728.0	471776.0	550663.0	645665.0	769607.0	931040.0	1147772.0	1447916.0	1848794.0	2178887.0	995888.0
	13.0	14.0	15.0	16.0	17.0	18.0	19.0	20.0	21.0	22.0	23.0	24.0	25.0	26.0	27.0	28.0	29.0	30.0	31.0	32.0	33.0	34.0	35.0	36.0	37.0	38.0	39.0	40.0
CH0043_R1	2.0	0.0	1.0	12.0	61.0	419.0	1628.0	4178.0	7575.0	11163.0	15342.0	20431.0	27754.0	43010.0	60310.0	65134.0	81389.0	101198.0	124681.0	152954.0	187952.0	232717.0	294201.0	386698.0	542078.0	862730.0	1897314.0	9231379.0
	11.0	12.0	13.0	14.0	15.0	16.0	17.0	18.0	19.0	20.0	21.0	22.0	23.0	24.0	25.0	26.0	27.0	28.0	29.0	30.0	31.0	32.0	33.0	34.0	35.0	36.0	37.0	38.0	39.0	40.0
CH0043_R2	2.0	149.0	1847.0	7477.0	20349.0	38339.0	56412.0	74722.0	93297.0	115009.0	137718.0	162023.0	188992.0	218436.0	250194.0	286438.0	332161.0	373585.0	417760.0	473304.0	541616.0	622500.0	721450.0	845278.0	1004872.0	1210233.0	1484930.0	1817501.0	2001866.0	853851.0
	16.0	17.0	18.0	19.0	20.0	21.0	22.0	23.0	24.0	25.0	26.0	27.0	28.0	29.0	30.0	31.0	32.0	33.0	34.0	35.0	36.0	37.0	38.0	39.0	40.0
CH0072_R1	10.0	68.0	325.0	1233.0	3134.0	5667.0	8652.0	11837.0	15988.0	22383.0	46047.0	70734.0	53576.0	63408.0	78667.0	97356.0	120612.0	147495.0	183044.0	231708.0	304220.0	424007.0	668717.0	1460183.0	6588669.0
	11.0	12.0	13.0	14.0	15.0	16.0	17.0	18.0	19.0	20.0	21.0	22.0	23.0	24.0	25.0	26.0	27.0	28.0	29.0	30.0	31.0	32.0	33.0	34.0	35.0	36.0	37.0	38.0	39.0	40.0
CH0072_R2	1.0	345.0	3595.0	9978.0	19296.0	30483.0	41834.0	53566.0	66549.0	79695.0	95236.0	112061.0	130145.0	150814.0	174312.0	204330.0	248848.0	276211.0	296348.0	332286.0	380856.0	437935.0	508503.0	596817.0	712229.0	862112.0	1072100.0	1348775.0	1583891.0	778589.0
	12.0	13.0	14.0	15.0	16.0	17.0	18.0	19.0	20.0	21.0	22.0	23.0	24.0	25.0	26.0	27.0	28.0	29.0	30.0	31.0	32.0	33.0	34.0	35.0	36.0	37.0	38.0	39.0	40.0
CH0452_R1	1.0	1.0	1.0	1.0	12.0	98.0	410.0	1389.0	2838.0	4843.0	7151.0	10092.0	13813.0	18790.0	25961.0	35131.0	45298.0	58077.0	73981.0	91534.0	114419.0	142436.0	179449.0	228092.0	300155.0	421515.0	659626.0	1362477.0	4266260.0
	12.0	13.0	14.0	15.0	16.0	17.0	18.0	19.0	20.0	21.0	22.0	23.0	24.0	25.0	26.0	27.0	28.0	29.0	30.0	31.0	32.0	33.0	34.0	35.0	36.0	37.0	38.0	39.0	40.0
CH0452_R2	174.0	1494.0	4533.0	9892.0	17913.0	27336.0	37108.0	47857.0	58864.0	70782.0	83211.0	97530.0	112005.0	129722.0	148777.0	169748.0	191425.0	217216.0	248023.0	283055.0	324924.0	375474.0	437684.0	519286.0	629224.0	780590.0	1001155.0	1263407.0	775442.0
	16.0	17.0	18.0	19.0	20.0	21.0	22.0	23.0	24.0	25.0	26.0	27.0	28.0	29.0	30.0	31.0	32.0	33.0	34.0	35.0	36.0	37.0	38.0	39.0	40.0
CH0461_R1	11.0	75.0	432.0	1596.0	4083.0	7152.0	11080.0	14942.0	20194.0	27669.0	40278.0	53927.0	65998.0	83463.0	104941.0	129746.0	158133.0	194217.0	239669.0	302814.0	394115.0	547091.0	861571.0	1864089.0	8421112.0
	11.0	12.0	13.0	14.0	15.0	16.0	17.0	18.0	19.0	20.0	21.0	22.0	23.0	24.0	25.0	26.0	27.0	28.0	29.0	30.0	31.0	32.0	33.0	34.0	35.0	36.0	37.0	38.0	39.0	40.0
CH0461_R2	5.0	652.0	6637.0	16626.0	33386.0	58024.0	83022.0	106607.0	128840.0	153277.0	176792.0	203042.0	229649.0	257475.0	287090.0	319723.0	356687.0	396149.0	437657.0	488705.0	547361.0	617492.0	700406.0	804221.0	933570.0	1098648.0	1308718.0	1537337.0	1604990.0	655610.0
	12.0	13.0	14.0	15.0	16.0	17.0	18.0	19.0	20.0	21.0	22.0	23.0	24.0	25.0	26.0	27.0	28.0	29.0	30.0	31.0	32.0	33.0	34.0	35.0	36.0	37.0	38.0	39.0	40.0
CH0533_R1	133.0	1573.0	4678.0	10419.0	18067.0	26700.0	36335.0	46240.0	57207.0	69119.0	82289.0	95568.0	110719.0	127719.0	146963.0	169098.0	191997.0	216963.0	247266.0	283406.0	327451.0	381841.0	450347.0	539778.0	664107.0	840057.0	1096469.0	1375446.0	756068.0
	16.0	17.0	18.0	19.0	20.0	21.0	22.0	23.0	24.0	25.0	26.0	27.0	28.0	29.0	30.0	31.0	32.0	33.0	34.0	35.0	36.0	37.0	38.0	39.0	40.0
CH0533_R2	6.0	52.0	238.0	986.0	2311.0	4291.0	6324.0	8372.0	11694.0	15813.0	22988.0	32276.0	38375.0	48997.0	61836.0	76263.0	94970.0	116879.0	144485.0	184128.0	241484.0	337057.0	532078.0	1165793.0	5226327.0
	12.0	13.0	14.0	15.0	16.0	17.0	18.0	19.0	20.0	21.0	22.0	23.0	24.0	25.0	26.0	27.0	28.0	29.0	30.0	31.0	32.0	33.0	34.0	35.0	36.0	37.0	38.0	39.0	40.0
CH1103_R1	1.0	0.0	1.0	1.0	9.0	42.0	215.0	915.0	2181.0	4118.0	6095.0	8367.0	11444.0	15439.0	21543.0	29403.0	36355.0	46309.0	57633.0	70234.0	85247.0	104379.0	128879.0	162156.0	211588.0	294708.0	462624.0	1010195.0	4784330.0
	11.0	12.0	13.0	14.0	15.0	16.0	17.0	18.0	19.0	20.0	21.0	22.0	23.0	24.0	25.0	26.0	27.0	28.0	29.0	30.0	31.0	32.0	33.0	34.0	35.0	36.0	37.0	38.0	39.0	40.0
CH1103_R2	4.0	113.0	1230.0	4591.0	10493.0	18179.0	26347.0	34651.0	43389.0	53753.0	64140.0	76301.0	89333.0	102923.0	119406.0	136563.0	156525.0	178056.0	202356.0	230625.0	263450.0	304828.0	353322.0	416404.0	497589.0	608764.0	764335.0	978798.0	1195676.0	622267.0
	16.0	17.0	18.0	19.0	20.0	21.0	22.0	23.0	24.0	25.0	26.0	27.0	28.0	29.0	30.0	31.0	32.0	33.0	34.0	35.0	36.0	37.0	38.0	39.0	40.0
CH1164_R1	2.0	27.0	191.0	723.0	1926.0	3443.0	5067.0	7004.0	9324.0	12675.0	18561.0	25544.0	29411.0	37197.0	46438.0	57458.0	70433.0	86010.0	107130.0	135141.0	177832.0	248453.0	395910.0	876672.0	3976655.0
	11.0	12.0	13.0	14.0	15.0	16.0	17.0	18.0	19.0	20.0	21.0	22.0	23.0	24.0	25.0	26.0	27.0	28.0	29.0	30.0	31.0	32.0	33.0	34.0	35.0	36.0	37.0	38.0	39.0	40.0
CH1164_R2	1.0	48.0	577.0	2920.0	8027.0	14425.0	20903.0	26877.0	34729.0	42725.0	51468.0	61538.0	71751.0	83270.0	96424.0	111567.0	129438.0	148257.0	168757.0	193051.0	223244.0	259987.0	304416.0	361537.0	437430.0	539120.0	677879.0	854628.0	980092.0	424141.0
	13.0	14.0	15.0	16.0	17.0	18.0	19.0	20.0	21.0	22.0	23.0	24.0	25.0	26.0	27.0	28.0	29.0	30.0	31.0	32.0	33.0	34.0	35.0	36.0	37.0	38.0	39.0	40.0
CM0028_R1	1.0	2.0	5.0	26.0	184.0	782.0	2654.0	6128.0	11117.0	17138.0	24964.0	36582.0	52431.0	77302.0	104723.0	132432.0	170353.0	212957.0	262795.0	320451.0	386352.0	467719.0	573872.0	721769.0	961321.0	1454227.0	3125569.0	10567347.0
	11.0	12.0	13.0	14.0	15.0	16.0	17.0	18.0	19.0	20.0	21.0	22.0	23.0	24.0	25.0	26.0	27.0	28.0	29.0	30.0	31.0	32.0	33.0	34.0	35.0	36.0	37.0	38.0	39.0	40.0
CM0028_R2	2.0	269.0	2124.0	6476.0	17170.0	40091.0	71686.0	103472.0	133819.0	167352.0	201208.0	236869.0	273441.0	312370.0	352192.0	393951.0	440877.0	493363.0	545962.0	605995.0	680625.0	770459.0	879816.0	1024446.0	1217032.0	1489993.0	1886491.0	2456223.0	3092647.0	1794782.0
	2.0	3.0	4.0	5.0	6.0	7.0	8.0	9.0	10.0	11.0	12.0	13.0	14.0	15.0	16.0	17.0	18.0	19.0	20.0	21.0	22.0	23.0	24.0	25.0	26.0	27.0	28.0	29.0	30.0	31.0	32.0	33.0	34.0	35.0	36.0	37.0	38.0	39.0	40.0
EI9411_R1	43.0	63.0	178.0	329.0	883.0	2245.0	5311.0	8964.0	12597.0	15954.0	18728.0	21493.0	24225.0	26444.0	29073.0	31756.0	34012.0	36124.0	37406.0	39523.0	42921.0	49919.0	61348.0	76553.0	96855.0	121111.0	150024.0	184467.0	224069.0	273641.0	341721.0	441246.0	609925.0	935899.0	1494322.0	1599437.0	611584.0	77425.0	81.0
	2.0	3.0	4.0	5.0	6.0	7.0	8.0	9.0	10.0	11.0	12.0	13.0	14.0	15.0	16.0	17.0	18.0	19.0	20.0	21.0	22.0	23.0	24.0	25.0	26.0	27.0	28.0	29.0	30.0	31.0	32.0	33.0	34.0	35.0	36.0	37.0	38.0	39.0	40.0
EI9411_R2	67757.0	15553.0	14989.0	16517.0	19269.0	23299.0	28459.0	33384.0	37373.0	39631.0	40047.0	38906.0	38217.0	38586.0	39924.0	43067.0	46690.0	51402.0	57223.0	64926.0	74488.0	85336.0	98681.0	113419.0	132042.0	153023.0	177052.0	207156.0	243485.0	290428.0	355759.0	454157.0	617147.0	903339.0	1291948.0	1221234.0	476414.0	87130.0	442.0
	2.0	3.0	4.0	5.0	6.0	7.0	8.0	9.0	10.0	11.0	12.0	13.0	14.0	15.0	16.0	17.0	18.0	19.0	20.0	21.0	22.0	23.0	24.0	25.0	26.0	27.0	28.0	29.0	30.0	31.0	32.0	33.0	34.0	35.0	36.0	37.0	38.0	39.0	40.0
EI9604_R1	43.0	63.0	134.0	312.0	762.0	2107.0	5048.0	8381.0	11648.0	14846.0	17601.0	20386.0	22756.0	25153.0	27721.0	30616.0	33080.0	34521.0	35398.0	37618.0	40927.0	47742.0	58297.0	73442.0	92842.0	115691.0	143911.0	176008.0	213637.0	260855.0	323116.0	414228.0	569266.0	858080.0	1342901.0	1428349.0	560662.0	80294.0	99.0
	2.0	3.0	4.0	5.0	6.0	7.0	8.0	9.0	10.0	11.0	12.0	13.0	14.0	15.0	16.0	17.0	18.0	19.0	20.0	21.0	22.0	23.0	24.0	25.0	26.0	27.0	28.0	29.0	30.0	31.0	32.0	33.0	34.0	35.0	36.0	37.0	38.0	39.0	40.0
EI9604_R2	65550.0	14824.0	13978.0	15781.0	17984.0	21812.0	26303.0	30587.0	34463.0	36940.0	37034.0	36481.0	35387.0	35785.0	37712.0	40141.0	43807.0	48033.0	53366.0	60734.0	69165.0	79806.0	91818.0	106390.0	123086.0	142829.0	165878.0	194308.0	228662.0	272372.0	333286.0	422592.0	568875.0	823484.0	1159133.0	1097727.0	449440.0	92488.0	500.0
	13.0	14.0	15.0	16.0	17.0	18.0	19.0	20.0	21.0	22.0	23.0	24.0	25.0	26.0	27.0	28.0	29.0	30.0	31.0	32.0	33.0	34.0	35.0	36.0	37.0	38.0	39.0	40.0
FR1067_R1	1.0	5.0	7.0	13.0	122.0	703.0	2538.0	5888.0	10070.0	14974.0	20814.0	28380.0	39544.0	56866.0	76113.0	92766.0	118920.0	149714.0	185682.0	229063.0	279569.0	341235.0	423680.0	537792.0	723760.0	1097282.0	2367008.0	8378074.0
	11.0	12.0	13.0	14.0	15.0	16.0	17.0	18.0	19.0	20.0	21.0	22.0	23.0	24.0	25.0	26.0	27.0	28.0	29.0	30.0	31.0	32.0	33.0	34.0	35.0	36.0	37.0	38.0	39.0	40.0
FR1067_R2	1.0	141.0	1201.0	4102.0	9990.0	19607.0	33230.0	48509.0	65779.0	85326.0	108222.0	132894.0	160061.0	190543.0	224202.0	259868.0	301036.0	347218.0	392749.0	444239.0	507799.0	582343.0	676013.0	797588.0	956725.0	1189252.0	1531869.0	2047228.0	2618149.0	1444699.0
	13.0	14.0	15.0	16.0	17.0	18.0	19.0	20.0	21.0	22.0	23.0	24.0	25.0	26.0	27.0	28.0	29.0	30.0	31.0	32.0	33.0	34.0	35.0	36.0	37.0	38.0	39.0	40.0
FR1069_R1	3.0	5.0	9.0	28.0	134.0	819.0	2865.0	6724.0	11803.0	17531.0	24538.0	33676.0	47048.0	71249.0	95681.0	111472.0	140384.0	176569.0	217932.0	266435.0	323562.0	393765.0	485129.0	614260.0	820200.0	1232411.0	2631521.0	9582546.0
	11.0	12.0	13.0	14.0	15.0	16.0	17.0	18.0	19.0	20.0	21.0	22.0	23.0	24.0	25.0	26.0	27.0	28.0	29.0	30.0	31.0	32.0	33.0	34.0	35.0	36.0	37.0	38.0	39.0	40.0
FR1069_R2	1.0	163.0	1322.0	4380.0	11572.0	25420.0	44439.0	65670.0	87859.0	111267.0	138477.0	167987.0	197894.0	231691.0	268883.0	310349.0	355470.0	406867.0	452925.0	507945.0	576308.0	657233.0	760119.0	889262.0	1064431.0	1311930.0	1683142.0	2241539.0	2929523.0	1804231.0
	20.0	21.0	22.0	23.0	24.0	25.0	26.0	27.0	28.0	29.0	30.0	31.0	32.0	33.0	34.0	35.0	36.0	37.0	38.0	39.0	40.0
G17_R1	17.0	274.0	1705.0	7085.0	19720.0	42312.0	74801.0	116754.0	165552.0	222448.0	291824.0	381442.0	506797.0	694191.0	1014746.0	1775763.0	4109327.0	6526266.0	3342912.0	291596.0	2056.0
	15.0	16.0	17.0	18.0	19.0	20.0	21.0	22.0	23.0	24.0	25.0	26.0	27.0	28.0	29.0	30.0	31.0	32.0	33.0	34.0	35.0	36.0	37.0	38.0	39.0	40.0
G17_R2	2.0	4.0	19.0	219.0	1601.0	6736.0	19529.0	43092.0	77069.0	123015.0	177657.0	239923.0	310954.0	351912.0	408203.0	466197.0	535867.0	676892.0	895550.0	1242965.0	1992398.0	3896880.0	5456281.0	2473679.0	190096.0	848.0
	15.0	16.0	17.0	18.0	19.0	20.0	21.0	22.0	23.0	24.0	25.0	26.0	27.0	28.0	29.0	30.0	31.0	32.0	33.0	34.0	35.0	36.0	37.0	38.0	39.0	40.0
GN0001_R1	1.0	6.0	91.0	471.0	1656.0	3843.0	6584.0	10260.0	14992.0	21369.0	30339.0	47512.0	64811.0	76883.0	96877.0	122552.0	152846.0	188922.0	230721.0	282005.0	347952.0	440242.0	590326.0	895158.0	1911032.0	6732409.0
	11.0	12.0	13.0	14.0	15.0	16.0	17.0	18.0	19.0	20.0	21.0	22.0	23.0	24.0	25.0	26.0	27.0	28.0	29.0	30.0	31.0	32.0	33.0	34.0	35.0	36.0	37.0	38.0	39.0	40.0
GN0001_R2	2.0	202.0	1715.0	4555.0	9180.0	17771.0	29292.0	42307.0	56414.0	72498.0	90041.0	109790.0	131622.0	153977.0	179907.0	208151.0	241268.0	277267.0	311378.0	349731.0	398973.0	458403.0	532410.0	626539.0	753594.0	932626.0	1203738.0	1614977.0	2137378.0	1324154.0
	14.0	15.0	16.0	17.0	18.0	19.0	20.0	21.0	22.0	23.0	24.0	25.0	26.0	27.0	28.0	29.0	30.0	31.0	32.0	33.0	34.0	35.0	36.0	37.0	38.0	39.0	40.0
GY0040_R1	2.0	8.0	13.0	77.0	365.0	1344.0	2983.0	5344.0	8202.0	12281.0	17427.0	24882.0	36880.0	50034.0	62066.0	79871.0	100021.0	124842.0	153478.0	186954.0	228601.0	282973.0	361753.0	486861.0	750269.0	1640764.0	5687836.0
	11.0	12.0	13.0	14.0	15.0	16.0	17.0	18.0	19.0	20.0	21.0	22.0	23.0	24.0	25.0	26.0	27.0	28.0	29.0	30.0	31.0	32.0	33.0	34.0	35.0	36.0	37.0	38.0	39.0	40.0
GY0040_R2	2.0	73.0	573.0	2250.0	5969.0	12130.0	21137.0	32057.0	43405.0	57153.0	71597.0	88484.0	106175.0	125412.0	146892.0	169868.0	197573.0	225610.0	256768.0	291710.0	334808.0	385927.0	451117.0	537069.0	650320.0	816098.0	1057596.0	1418642.0	1812775.0	986941.0
	16.0	17.0	18.0	19.0	20.0	21.0	22.0	23.0	24.0	25.0	26.0	27.0	28.0	29.0	30.0	31.0	32.0	33.0	34.0	35.0	36.0	37.0	38.0	39.0	40.0
IN0017_R1	5.0	42.0	249.0	931.0	2210.0	4063.0	6307.0	9177.0	13478.0	18919.0	26622.0	36650.0	45682.0	57254.0	71311.0	87723.0	108513.0	135736.0	173446.0	232433.0	331436.0	523910.0	950162.0	1905456.0	1890381.0
	12.0	13.0	14.0	15.0	16.0	17.0	18.0	19.0	20.0	21.0	22.0	23.0	24.0	25.0	26.0	27.0	28.0	29.0	30.0	31.0	32.0	33.0	34.0	35.0	36.0	37.0	38.0	39.0	40.0
IN0017_R2	77.0	1274.0	4689.0	11738.0	21831.0	32501.0	42752.0	53257.0	62864.0	74740.0	85778.0	98470.0	111771.0	126888.0	142245.0	161299.0	180324.0	201663.0	226658.0	254572.0	289255.0	330376.0	381542.0	445816.0	531486.0	643839.0	786682.0	896176.0	431533.0
	16.0	17.0	18.0	19.0	20.0	21.0	22.0	23.0	24.0	25.0	26.0	27.0	28.0	29.0	30.0	31.0	32.0	33.0	34.0	35.0	36.0	37.0	38.0	39.0	40.0
IN0054_R1	13.0	59.0	340.0	1221.0	3132.0	6028.0	8947.0	12396.0	17381.0	23895.0	35389.0	49456.0	57013.0	72493.0	91936.0	113522.0	139527.0	171707.0	212507.0	269251.0	352786.0	491972.0	772796.0	1676440.0	7757369.0
	11.0	12.0	13.0	14.0	15.0	16.0	17.0	18.0	19.0	20.0	21.0	22.0	23.0	24.0	25.0	26.0	27.0	28.0	29.0	30.0	31.0	32.0	33.0	34.0	35.0	36.0	37.0	38.0	39.0	40.0
IN0054_R2	2.0	397.0	4444.0	11862.0	22670.0	36779.0	50153.0	63411.0	78668.0	95225.0	112572.0	131640.0	152131.0	175735.0	199691.0	227201.0	261994.0	296569.0	333564.0	377629.0	430380.0	495459.0	575997.0	674168.0	805644.0	981843.0	1229110.0	1569970.0	1917390.0	1025278.0
	15.0	16.0	17.0	18.0	19.0	20.0	21.0	22.0	23.0	24.0	25.0	26.0	27.0	28.0	29.0	30.0	31.0	32.0	33.0	34.0	35.0	36.0	37.0	38.0	39.0	40.0
IN0059_R1	1.0	2.0	35.0	168.0	597.0	1506.0	2882.0	4332.0	5999.0	8322.0	11308.0	16217.0	21529.0	27221.0	34707.0	43386.0	53226.0	64670.0	79802.0	98353.0	122720.0	160605.0	222308.0	350156.0	762963.0	3457096.0
	11.0	12.0	13.0	14.0	15.0	16.0	17.0	18.0	19.0	20.0	21.0	22.0	23.0	24.0	25.0	26.0	27.0	28.0	29.0	30.0	31.0	32.0	33.0	34.0	35.0	36.0	37.0	38.0	39.0	40.0
IN0059_R2	1.0	60.0	757.0	2832.0	7490.0	13860.0	20496.0	27347.0	33720.0	41895.0	49696.0	59054.0	68496.0	79151.0	91116.0	103826.0	118310.0	134262.0	151752.0	172478.0	197923.0	228654.0	264638.0	311478.0	372922.0	457073.0	573584.0	730678.0	853290.0	383272.0
	13.0	14.0	15.0	16.0	17.0	18.0	19.0	20.0	21.0	22.0	23.0	24.0	25.0	26.0	27.0	28.0	29.0	30.0	31.0	32.0	33.0	34.0	35.0	36.0	37.0	38.0	39.0	40.0
IN0114_R1	1.0	0.0	2.0	9.0	100.0	575.0	1903.0	3996.0	6807.0	10309.0	14552.0	20198.0	27594.0	42759.0	59728.0	67129.0	85188.0	108758.0	136774.0	170222.0	210986.0	266144.0	339396.0	448014.0	627420.0	984701.0	2031443.0	6145454.0
	11.0	12.0	13.0	14.0	15.0	16.0	17.0	18.0	19.0	20.0	21.0	22.0	23.0	24.0	25.0	26.0	27.0	28.0	29.0	30.0	31.0	32.0	33.0	34.0	35.0	36.0	37.0	38.0	39.0	40.0
IN0114_R2	4.0	376.0	3459.0	9956.0	19747.0	32541.0	45876.0	59497.0	74244.0	91757.0	109418.0	129973.0	152264.0	175381.0	201702.0	231206.0	269330.0	303380.0	336777.0	379423.0	430857.0	492149.0	565403.0	656814.0	774636.0	927861.0	1142941.0	1432404.0	1751403.0	1009383.0
	12.0	13.0	14.0	15.0	16.0	17.0	18.0	19.0	20.0	21.0	22.0	23.0	24.0	25.0	26.0	27.0	28.0	29.0	30.0	31.0	32.0	33.0	34.0	35.0	36.0	37.0	38.0	39.0	40.0
IN0115_R1	1.0	3.0	1.0	3.0	10.0	73.0	365.0	1349.0	3640.0	6535.0	9684.0	13754.0	18293.0	24869.0	34298.0	46454.0	58738.0	75377.0	94621.0	116631.0	142602.0	174344.0	216412.0	272643.0	357370.0	500459.0	789826.0	1715861.0	8499660.0
	11.0	12.0	13.0	14.0	15.0	16.0	17.0	18.0	19.0	20.0	21.0	22.0	23.0	24.0	25.0	26.0	27.0	28.0	29.0	30.0	31.0	32.0	33.0	34.0	35.0	36.0	37.0	38.0	39.0	40.0
IN0115_R2	7.0	286.0	2956.0	9494.0	22137.0	40610.0	60941.0	80017.0	98823.0	119290.0	141091.0	164922.0	189687.0	216563.0	245021.0	275146.0	309932.0	348627.0	392525.0	441682.0	499826.0	569439.0	654994.0	762892.0	899686.0	1079882.0	1320727.0	1616982.0	1803514.0	806177.0
	11.0	12.0	13.0	14.0	15.0	16.0	17.0	18.0	19.0	20.0	21.0	22.0	23.0	24.0	25.0	26.0	27.0	28.0	29.0	30.0	31.0	32.0	33.0	34.0	35.0	36.0	37.0	38.0	39.0	40.0
IN0116_R2	1.0	243.0	2668.0	8599.0	19501.0	34636.0	51412.0	67941.0	85157.0	104015.0	124136.0	145587.0	167069.0	191863.0	218255.0	247974.0	282953.0	320355.0	359829.0	405592.0	464050.0	531557.0	618299.0	724643.0	866880.0	1058157.0	1328032.0	1704120.0	2084877.0	1102025.0
	14.0	15.0	16.0	17.0	18.0	19.0	20.0	21.0	22.0	23.0	24.0	25.0	26.0	27.0	28.0	29.0	30.0	31.0	32.0	33.0	34.0	35.0	36.0	37.0	38.0	39.0	40.0
IR00102_R1	1.0	4.0	20.0	175.0	895.0	3021.0	7047.0	12092.0	17754.0	24917.0	35304.0	49163.0	74758.0	99001.0	116404.0	145724.0	182556.0	224596.0	273289.0	331237.0	401858.0	491180.0	618783.0	820426.0	1235871.0	2627134.0	9163170.0
	11.0	12.0	13.0	14.0	15.0	16.0	17.0	18.0	19.0	20.0	21.0	22.0	23.0	24.0	25.0	26.0	27.0	28.0	29.0	30.0	31.0	32.0	33.0	34.0	35.0	36.0	37.0	38.0	39.0	40.0
IR00102_R2	4.0	159.0	1541.0	5029.0	12222.0	25225.0	42766.0	62187.0	83684.0	107653.0	133740.0	162954.0	194100.0	227710.0	264055.0	303629.0	350962.0	401440.0	446245.0	501131.0	568174.0	648190.0	747623.0	876169.0	1048947.0	1296860.0	1663428.0	2217800.0	2873782.0	1688971.0
	13.0	14.0	15.0	16.0	17.0	18.0	19.0	20.0	21.0	22.0	23.0	24.0	25.0	26.0	27.0	28.0	29.0	30.0	31.0	32.0	33.0	34.0	35.0	36.0	37.0	38.0	39.0	40.0
IR0013_R1	1.0	3.0	5.0	23.0	171.0	980.0	3450.0	7708.0	13488.0	20837.0	30946.0	44976.0	64218.0	91257.0	126382.0	156227.0	191626.0	236445.0	288080.0	347323.0	422977.0	516993.0	651103.0	864964.0	1245265.0	2025378.0	3778206.0	3968485.0
	11.0	12.0	13.0	14.0	15.0	16.0	17.0	18.0	19.0	20.0	21.0	22.0	23.0	24.0	25.0	26.0	27.0	28.0	29.0	30.0	31.0	32.0	33.0	34.0	35.0	36.0	37.0	38.0	39.0	40.0
IR0013_R2	1.0	175.0	1318.0	4435.0	13449.0	31402.0	56325.0	83748.0	109820.0	135124.0	161163.0	188925.0	217788.0	248584.0	279296.0	313309.0	353177.0	395418.0	433846.0	480068.0	534959.0	601013.0	684653.0	792392.0	937223.0	1141537.0	1437840.0	1863366.0	2313048.0	1284115.0
	13.0	14.0	15.0	16.0	17.0	18.0	19.0	20.0	21.0	22.0	23.0	24.0	25.0	26.0	27.0	28.0	29.0	30.0	31.0	32.0	33.0	34.0	35.0	36.0	37.0	38.0	39.0	40.0
IR0015_R1	1.0	1.0	8.0	24.0	139.0	770.0	2488.0	5563.0	9629.0	14146.0	19937.0	27895.0	38551.0	59894.0	79352.0	91088.0	114860.0	144661.0	180141.0	220695.0	268567.0	328439.0	404588.0	513557.0	686002.0	1035323.0	2230551.0	7516004.0
	11.0	12.0	13.0	14.0	15.0	16.0	17.0	18.0	19.0	20.0	21.0	22.0	23.0	24.0	25.0	26.0	27.0	28.0	29.0	30.0	31.0	32.0	33.0	34.0	35.0	36.0	37.0	38.0	39.0	40.0
IR0015_R2	1.0	194.0	1732.0	5241.0	12254.0	25156.0	43603.0	62479.0	83213.0	105572.0	129421.0	154616.0	183325.0	212238.0	244005.0	278624.0	319004.0	359988.0	398030.0	443995.0	500822.0	569909.0	654698.0	764602.0	908988.0	1108210.0	1391634.0	1780695.0	2139561.0	1111064.0
	13.0	14.0	15.0	16.0	17.0	18.0	19.0	20.0	21.0	22.0	23.0	24.0	25.0	26.0	27.0	28.0	29.0	30.0	31.0	32.0	33.0	34.0	35.0	36.0	37.0	38.0	39.0	40.0
IR0083_R1	1.0	4.0	1.0	26.0	114.0	588.0	2013.0	4497.0	8087.0	12072.0	16572.0	23520.0	33041.0	47529.0	64276.0	77662.0	99329.0	123369.0	152436.0	186377.0	226589.0	276690.0	337560.0	425733.0	566380.0	848857.0	1791950.0	6116917.0
	11.0	12.0	13.0	14.0	15.0	16.0	17.0	18.0	19.0	20.0	21.0	22.0	23.0	24.0	25.0	26.0	27.0	28.0	29.0	30.0	31.0	32.0	33.0	34.0	35.0	36.0	37.0	38.0	39.0	40.0
IR0083_R2	6.0	337.0	2344.0	6013.0	13026.0	24973.0	40696.0	56034.0	72947.0	90124.0	108140.0	127340.0	147945.0	170786.0	194255.0	219951.0	251077.0	283181.0	315701.0	352208.0	397796.0	451886.0	519140.0	603029.0	714858.0	872521.0	1099884.0	1430595.0	1808655.0	1066742.0
	13.0	14.0	15.0	16.0	17.0	18.0	19.0	20.0	21.0	22.0	23.0	24.0	25.0	26.0	27.0	28.0	29.0	30.0	31.0	32.0	33.0	34.0	35.0	36.0	37.0	38.0	39.0	40.0
IR0084_R1	1.0	2.0	2.0	55.0	382.0	1808.0	5087.0	10788.0	17870.0	26712.0	38203.0	53347.0	72359.0	101108.0	133809.0	165010.0	207738.0	258842.0	317792.0	387425.0	470542.0	574401.0	707953.0	893663.0	1187065.0	1737080.0	3246267.0	6863771.0
	11.0	12.0	13.0	14.0	15.0	16.0	17.0	18.0	19.0	20.0	21.0	22.0	23.0	24.0	25.0	26.0	27.0	28.0	29.0	30.0	31.0	32.0	33.0	34.0	35.0	36.0	37.0	38.0	39.0	40.0
IR0084_R2	4.0	341.0	2080.0	5885.0	14636.0	31062.0	54001.0	79848.0	107509.0	135475.0	166848.0	198954.0	233389.0	269443.0	309440.0	351307.0	399841.0	452262.0	501269.0	562170.0	632607.0	716494.0	820563.0	947918.0	1111954.0	1337887.0	1651996.0	2101982.0	2632813.0	1649104.0
	13.0	14.0	15.0	16.0	17.0	18.0	19.0	20.0	21.0	22.0	23.0	24.0	25.0	26.0	27.0	28.0	29.0	30.0	31.0	32.0	33.0	34.0	35.0	36.0	37.0	38.0	39.0	40.0
IR0088_R1	1.0	1.0	3.0	20.0	117.0	658.0	2506.0	5912.0	10559.0	15948.0	24008.0	34569.0	50003.0	73215.0	99927.0	123320.0	156408.0	196529.0	242100.0	293881.0	354759.0	428527.0	524149.0	656741.0	866537.0	1299686.0	2749241.0	9639636.0
	11.0	12.0	13.0	14.0	15.0	16.0	17.0	18.0	19.0	20.0	21.0	22.0	23.0	24.0	25.0	26.0	27.0	28.0	29.0	30.0	31.0	32.0	33.0	34.0	35.0	36.0	37.0	38.0	39.0	40.0
IR0088_R2	4.0	245.0	2036.0	5785.0	14706.0	33001.0	57424.0	83516.0	109655.0	137215.0	166732.0	197461.0	232068.0	266972.0	300519.0	340939.0	383160.0	431146.0	476802.0	532314.0	598185.0	675940.0	774993.0	903691.0	1079984.0	1324298.0	1692282.0	2255164.0	2948934.0	1823790.0
	12.0	13.0	14.0	15.0	16.0	17.0	18.0	19.0	20.0	21.0	22.0	23.0	24.0	25.0	26.0	27.0	28.0	29.0	30.0	31.0	32.0	33.0	34.0	35.0	36.0	37.0	38.0	39.0	40.0
IR0095_R1	2.0	4.0	9.0	15.0	31.0	143.0	776.0	2709.0	6250.0	10715.0	15999.0	22632.0	31609.0	44472.0	69189.0	97646.0	106656.0	132109.0	164562.0	203227.0	247802.0	302300.0	367094.0	451032.0	568479.0	753450.0	1129444.0	2377045.0	8658132.0
	11.0	12.0	13.0	14.0	15.0	16.0	17.0	18.0	19.0	20.0	21.0	22.0	23.0	24.0	25.0	26.0	27.0	28.0	29.0	30.0	31.0	32.0	33.0	34.0	35.0	36.0	37.0	38.0	39.0	40.0
IR0095_R2	1.0	136.0	869.0	3073.0	8525.0	18657.0	32972.0	49086.0	66164.0	86157.0	108069.0	132819.0	158953.0	188321.0	220183.0	256874.0	297785.0	348233.0	389778.0	432625.0	492090.0	564920.0	653407.0	770847.0	926038.0	1149168.0	1493931.0	2054302.0	2869129.0	1990421.0
	13.0	14.0	15.0	16.0	17.0	18.0	19.0	20.0	21.0	22.0	23.0	24.0	25.0	26.0	27.0	28.0	29.0	30.0	31.0	32.0	33.0	34.0	35.0	36.0	37.0	38.0	39.0	40.0
IT0010_R1	2.0	2.0	5.0	11.0	127.0	679.0	2419.0	5624.0	9775.0	15435.0	22776.0	33875.0	49445.0	72784.0	99383.0	127949.0	160807.0	202000.0	249374.0	305378.0	369755.0	454210.0	570603.0	745665.0	1055512.0	1735005.0	3716082.0	6774189.0
	11.0	12.0	13.0	14.0	15.0	16.0	17.0	18.0	19.0	20.0	21.0	22.0	23.0	24.0	25.0	26.0	27.0	28.0	29.0	30.0	31.0	32.0	33.0	34.0	35.0	36.0	37.0	38.0	39.0	40.0
IT0010_R2	1.0	179.0	1542.0	5156.0	11530.0	24660.0	43891.0	65993.0	90068.0	115936.0	142837.0	172335.0	203089.0	237050.0	271298.0	310861.0	353399.0	398085.0	446555.0	499701.0	565191.0	643840.0	739377.0	864700.0	1037065.0	1282474.0	1643074.0	2182829.0	2810114.0	1616041.0
	14.0	15.0	16.0	17.0	18.0	19.0	20.0	21.0	22.0	23.0	24.0	25.0	26.0	27.0	28.0	29.0	30.0	31.0	32.0	33.0	34.0	35.0	36.0	37.0	38.0	39.0	40.0
JP0091_R1	1.0	4.0	20.0	98.0	560.0	2014.0	4974.0	8633.0	12939.0	18409.0	26120.0	36727.0	54840.0	75262.0	90933.0	116393.0	145708.0	180843.0	222010.0	270328.0	329203.0	405070.0	510742.0	682124.0	1026874.0	2187937.0	7855960.0
	11.0	12.0	13.0	14.0	15.0	16.0	17.0	18.0	19.0	20.0	21.0	22.0	23.0	24.0	25.0	26.0	27.0	28.0	29.0	30.0	31.0	32.0	33.0	34.0	35.0	36.0	37.0	38.0	39.0	40.0
JP0091_R2	4.0	160.0	1198.0	3901.0	9276.0	19825.0	34216.0	50549.0	67509.0	86961.0	107808.0	130890.0	155342.0	182001.0	210899.0	243617.0	279177.0	319672.0	359008.0	401701.0	458552.0	524123.0	607666.0	716465.0	861347.0	1067462.0	1383757.0	1872210.0	2509018.0	1600412.0
	14.0	15.0	16.0	17.0	18.0	19.0	20.0	21.0	22.0	23.0	24.0	25.0	26.0	27.0	28.0	29.0	30.0	31.0	32.0	33.0	34.0	35.0	36.0	37.0	38.0	39.0	40.0
ML0060_R1	2.0	2.0	26.0	243.0	1066.0	3013.0	6513.0	11126.0	16560.0	24252.0	34363.0	48598.0	68344.0	91632.0	116879.0	149031.0	187644.0	233130.0	286119.0	351213.0	431313.0	536212.0	684589.0	918673.0	1359819.0	2580132.0	5538427.0
	11.0	12.0	13.0	14.0	15.0	16.0	17.0	18.0	19.0	20.0	21.0	22.0	23.0	24.0	25.0	26.0	27.0	28.0	29.0	30.0	31.0	32.0	33.0	34.0	35.0	36.0	37.0	38.0	39.0	40.0
ML0060_R2	2.0	226.0	1477.0	3652.0	8357.0	17394.0	31128.0	48016.0	67228.0	88917.0	113134.0	138661.0	166321.0	195430.0	227561.0	263217.0	304469.0	344320.0	384251.0	434683.0	492836.0	560419.0	642478.0	747677.0	881479.0	1065234.0	1321579.0	1695232.0	2124721.0	1308822.0
	15.0	16.0	17.0	18.0	19.0	20.0	21.0	22.0	23.0	24.0	25.0	26.0	27.0	28.0	29.0	30.0	31.0	32.0	33.0	34.0	35.0	36.0	37.0	38.0	39.0	40.0
ML0062_R1	2.0	14.0	44.0	220.0	983.0	2424.0	4335.0	6617.0	9032.0	12767.0	17582.0	25465.0	34785.0	42184.0	54473.0	67950.0	83531.0	102866.0	125629.0	153899.0	194461.0	253123.0	351752.0	554518.0	1208339.0	5669482.0
	12.0	13.0	14.0	15.0	16.0	17.0	18.0	19.0	20.0	21.0	22.0	23.0	24.0	25.0	26.0	27.0	28.0	29.0	30.0	31.0	32.0	33.0	34.0	35.0	36.0	37.0	38.0	39.0	40.0
ML0062_R2	126.0	1676.0	5195.0	11301.0	20073.0	29910.0	40047.0	50880.0	62723.0	75927.0	89149.0	104449.0	119788.0	138400.0	158035.0	181024.0	204952.0	232383.0	265107.0	303676.0	350084.0	408997.0	482877.0	581636.0	717032.0	910385.0	1186968.0	1476725.0	766952.0
	15.0	16.0	17.0	18.0	19.0	20.0	21.0	22.0	23.0	24.0	25.0	26.0	27.0	28.0	29.0	30.0	31.0	32.0	33.0	34.0	35.0	36.0	37.0	38.0	39.0	40.0
NG0012_R1	1.0	6.0	38.0	203.0	765.0	1784.0	3390.0	5296.0	7398.0	9925.0	13859.0	19807.0	27039.0	33306.0	42506.0	52722.0	64950.0	78835.0	96361.0	118372.0	149416.0	195757.0	273784.0	435219.0	949304.0	4526705.0
	12.0	13.0	14.0	15.0	16.0	17.0	18.0	19.0	20.0	21.0	22.0	23.0	24.0	25.0	26.0	27.0	28.0	29.0	30.0	31.0	32.0	33.0	34.0	35.0	36.0	37.0	38.0	39.0	40.0
NG0012_R2	55.0	673.0	2936.0	8004.0	14568.0	21810.0	29003.0	37348.0	46484.0	56420.0	66922.0	79190.0	92452.0	106906.0	123455.0	142037.0	163050.0	184701.0	212000.0	243698.0	282614.0	330614.0	390800.0	471009.0	581520.0	736302.0	955133.0	1162509.0	564535.0
	16.0	17.0	18.0	19.0	20.0	21.0	22.0	23.0	24.0	25.0	26.0	27.0	28.0	29.0	30.0	31.0	32.0	33.0	34.0	35.0	36.0	37.0	38.0	39.0	40.0
NG0054_R1	3.0	43.0	340.0	1324.0	2972.0	5622.0	8646.0	12822.0	19000.0	26557.0	38829.0	53446.0	65370.0	81397.0	100087.0	122103.0	150166.0	186847.0	237060.0	314565.0	448014.0	705553.0	1293895.0	2677013.0	2790612.0
	11.0	12.0	13.0	14.0	15.0	16.0	17.0	18.0	19.0	20.0	21.0	22.0	23.0	24.0	25.0	26.0	27.0	28.0	29.0	30.0	31.0	32.0	33.0	34.0	35.0	36.0	37.0	38.0	39.0	40.0
NG0054_R2	1.0	74.0	1163.0	4862.0	13212.0	25936.0	39482.0	51975.0	65350.0	78482.0	92463.0	108060.0	124818.0	142475.0	162573.0	184666.0	211276.0	237089.0	265317.0	299554.0	338961.0	387826.0	445276.0	520186.0	617123.0	747552.0	926104.0	1166216.0	1384396.0	699818.0
	11.0	12.0	13.0	14.0	15.0	16.0	17.0	18.0	19.0	20.0	21.0	22.0	23.0	24.0	25.0	26.0	27.0	28.0	29.0	30.0	31.0	32.0	33.0	34.0	35.0	36.0	37.0	38.0	39.0	40.0
NP0058_R1	1.0	626.0	6536.0	17007.0	33376.0	55854.0	79751.0	102175.0	124206.0	147885.0	171519.0	198118.0	225653.0	255277.0	287361.0	320892.0	360553.0	398608.0	442869.0	493176.0	552275.0	621749.0	703771.0	802455.0	922469.0	1068756.0	1234397.0	1381473.0	1309019.0	455742.0
	14.0	15.0	16.0	17.0	18.0	19.0	20.0	21.0	22.0	23.0	24.0	25.0	26.0	27.0	28.0	29.0	30.0	31.0	32.0	33.0	34.0	35.0	36.0	37.0	38.0	39.0	40.0
NP0058_R2	1.0	5.0	16.0	80.0	398.0	1535.0	3827.0	6749.0	10196.0	14214.0	18960.0	25554.0	36889.0	50604.0	60766.0	76987.0	95988.0	119139.0	145602.0	178370.0	221946.0	281294.0	370324.0	518380.0	822390.0	1812494.0	7900841.0
	30.0
P28_R1	8979346.0
	30.0
P28_R2	8979346.0
	30.0
P29_R1	9335380.0
	30.0
P29_R2	9335380.0
	30.0
P3_R1	16130764.0
	30.0
P3_R2	16130764.0
	18.0	19.0	20.0	21.0	22.0	23.0	24.0	25.0	26.0	27.0	28.0	29.0	30.0	31.0	32.0	33.0	34.0	35.0	36.0	37.0	38.0	39.0	40.0
PGPA_R1	1.0	0.0	18.0	204.0	1655.0	6796.0	19498.0	42421.0	76329.0	120749.0	171295.0	232002.0	303777.0	396865.0	523204.0	713568.0	1031113.0	1765965.0	4042154.0	6897590.0	3993846.0	525542.0	5082.0
	15.0	16.0	17.0	18.0	19.0	20.0	21.0	22.0	23.0	24.0	25.0	26.0	27.0	28.0	29.0	30.0	31.0	32.0	33.0	34.0	35.0	36.0	37.0	38.0	39.0	40.0
PGPA_R2	3.0	2.0	22.0	202.0	1393.0	6157.0	17791.0	39339.0	71933.0	115457.0	167469.0	229965.0	302901.0	349083.0	407892.0	473179.0	545553.0	693339.0	923061.0	1287037.0	2039643.0	3995660.0	5923653.0	2963256.0	315261.0	423.0
	20.0	21.0	22.0	23.0	24.0	25.0	26.0	27.0	28.0	29.0	30.0	31.0	32.0	33.0	34.0	35.0	36.0	37.0	38.0	39.0	40.0
PgKY_R1	16.0	207.0	1356.0	5988.0	16070.0	34499.0	61061.0	94791.0	134070.0	179907.0	233811.0	303076.0	399555.0	546591.0	799517.0	1398946.0	3296253.0	5469745.0	2895953.0	258991.0	1458.0
	16.0	17.0	18.0	19.0	20.0	21.0	22.0	23.0	24.0	25.0	26.0	27.0	28.0	29.0	30.0	31.0	32.0	33.0	34.0	35.0	36.0	37.0	38.0	39.0	40.0
PgKY_R2	1.0	14.0	93.0	849.0	3405.0	10261.0	23544.0	43556.0	71454.0	106179.0	152016.0	206313.0	239921.0	286246.0	333203.0	387899.0	504930.0	685891.0	979441.0	1608348.0	3300494.0	4824208.0	2207079.0	156339.0	177.0
	17.0	18.0	19.0	20.0	21.0	22.0	23.0	24.0	25.0	26.0	27.0	28.0	29.0	30.0	31.0	32.0	33.0	34.0	35.0	36.0	37.0	38.0	39.0	40.0
Py0925_R1	1.0	9.0	22.0	150.0	779.0	4439.0	17224.0	47796.0	101844.0	182281.0	285549.0	401214.0	524538.0	658423.0	819113.0	1036113.0	1355746.0	1896839.0	2982718.0	5160067.0	6711552.0	3530831.0	549309.0	9787.0
	13.0	14.0	15.0	16.0	17.0	18.0	19.0	20.0	21.0	22.0	23.0	24.0	25.0	26.0	27.0	28.0	29.0	30.0	31.0	32.0	33.0	34.0	35.0	36.0	37.0	38.0	39.0	40.0
Py0925_R2	1.0	1.0	18.0	53.0	141.0	901.0	4095.0	12965.0	31843.0	61765.0	104139.0	160891.0	227299.0	302050.0	378100.0	456950.0	549318.0	650922.0	803790.0	1004310.0	1318459.0	1857824.0	2928612.0	5107923.0	6593648.0	3233071.0	481880.0	5375.0
	16.0	17.0	18.0	19.0	20.0	21.0	22.0	23.0	24.0	25.0	26.0	27.0	28.0	29.0	30.0	31.0	32.0	33.0	34.0	35.0	36.0	37.0	38.0	39.0
Py36-1_R1	4.0	13.0	28.0	78.0	314.0	1459.0	5728.0	16779.0	39304.0	75339.0	126915.0	193940.0	275270.0	373345.0	489679.0	638307.0	837131.0	1116071.0	1522045.0	2290117.0	4548430.0	10843888.0	5656461.0	69463.0
	13.0	14.0	15.0	16.0	17.0	18.0	19.0	20.0	21.0	22.0	23.0	24.0	25.0	26.0	27.0	28.0	29.0	30.0	31.0	32.0	33.0	34.0	35.0	36.0	37.0	38.0	39.0
Py36-1_R2	1.0	1.0	5.0	240.0	1901.0	7159.0	18012.0	37017.0	66482.0	104732.0	153625.0	212822.0	278181.0	345785.0	413723.0	486931.0	576899.0	689837.0	853391.0	1070712.0	1379438.0	1847070.0	2699238.0	4765841.0	8959168.0	4093921.0	57976.0
	15.0	16.0	17.0	18.0	19.0	20.0	21.0	22.0	23.0	24.0	25.0	26.0	27.0	28.0	29.0	30.0	31.0	32.0	33.0	34.0	35.0	36.0	37.0	38.0	39.0	40.0
Py5033_R2	8.0	37.0	97.0	691.0	3222.0	10097.0	24474.0	48256.0	81336.0	124820.0	177495.0	236029.0	295380.0	359456.0	434670.0	515295.0	636232.0	798900.0	1052451.0	1485406.0	2352541.0	4125906.0	5445409.0	2804049.0	485211.0	6389.0
	18.0	19.0	20.0	21.0	22.0	23.0	24.0	25.0	26.0	27.0	28.0	29.0	30.0	31.0	32.0	33.0	34.0	35.0	36.0	37.0	38.0	39.0	40.0
Py510_R1	3.0	19.0	99.0	516.0	2747.0	10384.0	28810.0	61288.0	110390.0	171444.0	239466.0	311827.0	392763.0	487657.0	615559.0	805161.0	1137197.0	1795372.0	3110088.0	4008943.0	2088008.0	330181.0	6919.0
	15.0	16.0	17.0	18.0	19.0	20.0	21.0	22.0	23.0	24.0	25.0	26.0	27.0	28.0	29.0	30.0	31.0	32.0	33.0	34.0	35.0	36.0	37.0	38.0	39.0	40.0
Py510_R2	13.0	26.0	80.0	433.0	2106.0	6856.0	16572.0	33023.0	56410.0	87778.0	126578.0	169455.0	214765.0	261531.0	318497.0	379803.0	470254.0	591658.0	783367.0	1112700.0	1772546.0	3105596.0	3978422.0	1926752.0	295647.0	3973.0
	18.0	19.0	20.0	21.0	22.0	23.0	24.0	25.0	26.0	27.0	28.0	29.0	30.0	31.0	32.0	33.0	34.0	35.0	36.0	37.0	38.0	39.0	40.0
Py6017_R1	5.0	30.0	96.0	542.0	2992.0	11182.0	31302.0	67306.0	120126.0	187582.0	263739.0	346022.0	436110.0	544585.0	690489.0	904091.0	1270651.0	2001493.0	3475680.0	4503069.0	2367842.0	378642.0	7880.0
	14.0	15.0	16.0	17.0	18.0	19.0	20.0	21.0	22.0	23.0	24.0	25.0	26.0	27.0	28.0	29.0	30.0	31.0	32.0	33.0	34.0	35.0	36.0	37.0	38.0	39.0	40.0
Py6017_R2	1.0	10.0	28.0	105.0	611.0	2744.0	9084.0	21764.0	42546.0	72006.0	109321.0	155223.0	207215.0	257575.0	310809.0	374636.0	441263.0	543010.0	676945.0	885394.0	1249362.0	1968826.0	3424380.0	4387818.0	2134553.0	331929.0	4298.0
	16.0	17.0	18.0	19.0	20.0	21.0	22.0	23.0	24.0	25.0	26.0	27.0	28.0	29.0	30.0	31.0	32.0	33.0	34.0	35.0	36.0	37.0	38.0	39.0	40.0
Py6045_R1	1.0	1.0	1.0	31.0	139.0	752.0	3932.0	15031.0	40749.0	86829.0	155090.0	239886.0	337183.0	439353.0	552434.0	686907.0	871320.0	1140791.0	1606140.0	2533465.0	4422356.0	5846752.0	3163515.0	513733.0	10831.0
	14.0	15.0	16.0	17.0	18.0	19.0	20.0	21.0	22.0	23.0	24.0	25.0	26.0	27.0	28.0	29.0	30.0	31.0	32.0	33.0	34.0	35.0	36.0	37.0	38.0	39.0	40.0
Py6045_R2	2.0	11.0	62.0	132.0	635.0	2525.0	8348.0	20122.0	40752.0	69835.0	110750.0	161844.0	220138.0	281706.0	348436.0	428506.0	517601.0	647848.0	823874.0	1097816.0	1572742.0	2519221.0	4481452.0	5908576.0	2951539.0	447447.0	5302.0
	17.0	18.0	19.0	20.0	21.0	22.0	23.0	24.0	25.0	26.0	27.0	28.0	29.0	30.0	31.0	32.0	33.0	34.0	35.0	36.0	37.0	38.0	39.0	40.0
Py86-1_R1	1.0	6.0	25.0	106.0	659.0	3548.0	13119.0	36444.0	77561.0	137891.0	213145.0	298120.0	389095.0	489155.0	609196.0	767538.0	1001709.0	1405228.0	2200536.0	3800472.0	4981978.0	2711495.0	471575.0	11082.0
	14.0	15.0	16.0	17.0	18.0	19.0	20.0	21.0	22.0	23.0	24.0	25.0	26.0	27.0	28.0	29.0	30.0	31.0	32.0	33.0	34.0	35.0	36.0	37.0	38.0	39.0	40.0
Py86-1_R2	2.0	15.0	30.0	122.0	609.0	2788.0	8858.0	21399.0	41662.0	71683.0	110020.0	157216.0	210943.0	264200.0	322902.0	391370.0	467655.0	580788.0	731441.0	967310.0	1370640.0	2172838.0	3807135.0	4984187.0	2514544.0	413809.0	5518.0
	2.0	3.0	4.0	5.0	6.0	7.0	8.0	9.0	10.0	11.0	12.0	13.0	14.0	15.0	16.0	17.0	18.0	19.0	20.0	21.0	22.0	23.0	24.0	25.0	26.0	27.0	28.0	29.0	30.0	31.0	32.0	33.0	34.0	35.0	36.0	37.0	38.0	39.0	40.0
SV9610_R1	54.0	73.0	151.0	358.0	943.0	2330.0	5559.0	9369.0	12834.0	16241.0	19174.0	22107.0	25295.0	27446.0	30832.0	33381.0	35737.0	37453.0	39306.0	41030.0	44563.0	51880.0	63603.0	80217.0	100843.0	125652.0	154742.0	189836.0	230862.0	280898.0	350381.0	451766.0	624731.0	964856.0	1526790.0	1534909.0	475882.0	29353.0	27.0
	2.0	3.0	4.0	5.0	6.0	7.0	8.0	9.0	10.0	11.0	12.0	13.0	14.0	15.0	16.0	17.0	18.0	19.0	20.0	21.0	22.0	23.0	24.0	25.0	26.0	27.0	28.0	29.0	30.0	31.0	32.0	33.0	34.0	35.0	36.0	37.0	38.0	39.0	40.0
SV9610_R2	65991.0	16209.0	15401.0	17186.0	20277.0	24708.0	29618.0	34874.0	39338.0	41360.0	41519.0	40463.0	39577.0	39844.0	41593.0	44942.0	48884.0	54060.0	59856.0	67659.0	77336.0	89139.0	101860.0	118845.0	136550.0	157510.0	183536.0	212294.0	249754.0	298119.0	362966.0	464660.0	632086.0	927170.0	1306479.0	1152216.0	355979.0	31484.0	122.0
	2.0	3.0	4.0	5.0	6.0	7.0	8.0	9.0	10.0	11.0	12.0	13.0	14.0	15.0	16.0	17.0	18.0	19.0	20.0	21.0	22.0	23.0	24.0	25.0	26.0	27.0	28.0	29.0	30.0	31.0	32.0	33.0	34.0	35.0	36.0	37.0	38.0	39.0	40.0
SV9623_R1	44.0	87.0	177.0	340.0	816.0	2148.0	5089.0	8606.0	11987.0	15399.0	17686.0	20732.0	22932.0	25563.0	28528.0	31317.0	33443.0	35330.0	36854.0	38497.0	41829.0	48647.0	59558.0	74937.0	94763.0	118792.0	145626.0	179228.0	217888.0	265746.0	330349.0	426279.0	587140.0	901906.0	1439300.0	1511384.0	531160.0	48560.0	32.0
	2.0	3.0	4.0	5.0	6.0	7.0	8.0	9.0	10.0	11.0	12.0	13.0	14.0	15.0	16.0	17.0	18.0	19.0	20.0	21.0	22.0	23.0	24.0	25.0	26.0	27.0	28.0	29.0	30.0	31.0	32.0	33.0	34.0	35.0	36.0	37.0	38.0	39.0	40.0
SV9623_R2	65577.0	15697.0	14971.0	16768.0	19762.0	24061.0	28716.0	34040.0	38066.0	40357.0	40594.0	39212.0	38350.0	38261.0	40070.0	42853.0	46776.0	51049.0	56997.0	64500.0	73793.0	84930.0	98285.0	112333.0	129385.0	149564.0	172437.0	201297.0	235265.0	280855.0	343244.0	436447.0	591041.0	863940.0	1229620.0	1140692.0	405263.0	53410.0	221.0
	30.0
T25_R1	13229717.0
	30.0
T25_R2	13229717.0
	14.0	15.0	16.0	17.0	18.0	19.0	20.0	21.0	22.0	23.0	24.0	25.0	26.0	27.0	28.0	29.0	30.0	31.0	32.0	33.0	34.0	35.0	36.0	37.0	38.0	39.0	40.0
TG0004_R1	1.0	2.0	10.0	73.0	392.0	1145.0	2680.0	4460.0	6679.0	9450.0	12872.0	17869.0	26244.0	35798.0	42833.0	54558.0	69705.0	87285.0	108797.0	135018.0	169033.0	215102.0	284461.0	401498.0	629360.0	1310717.0	4210141.0
	11.0	12.0	13.0	14.0	15.0	16.0	17.0	18.0	19.0	20.0	21.0	22.0	23.0	24.0	25.0	26.0	27.0	28.0	29.0	30.0	31.0	32.0	33.0	34.0	35.0	36.0	37.0	38.0	39.0	40.0
TG0004_R2	3.0	260.0	1742.0	4323.0	10046.0	17791.0	26060.0	34578.0	43626.0	53366.0	64089.0	76379.0	89882.0	104460.0	120645.0	138581.0	160972.0	183277.0	206348.0	235186.0	270110.0	309687.0	359294.0	421391.0	502205.0	609695.0	761533.0	983386.0	1259916.0	787352.0
	15.0	16.0	17.0	18.0	19.0	20.0	21.0	22.0	23.0	24.0	25.0	26.0	27.0	28.0	29.0	30.0	31.0	32.0	33.0	34.0	35.0	36.0	37.0	38.0	39.0	40.0
TG0032_R1	3.0	11.0	72.0	355.0	1240.0	3060.0	5597.0	8542.0	11799.0	15902.0	22337.0	34109.0	47741.0	54538.0	68666.0	85859.0	105908.0	130444.0	157865.0	195713.0	247615.0	322594.0	451294.0	708045.0	1536061.0	7323819.0
	11.0	12.0	13.0	14.0	15.0	16.0	17.0	18.0	19.0	20.0	21.0	22.0	23.0	24.0	25.0	26.0	27.0	28.0	29.0	30.0	31.0	32.0	33.0	34.0	35.0	36.0	37.0	38.0	39.0	40.0
TG0032_R2	2.0	218.0	2789.0	9403.0	22614.0	41220.0	60782.0	78953.0	98083.0	118018.0	138729.0	160790.0	184285.0	208334.0	234533.0	262702.0	298461.0	329305.0	365387.0	407931.0	459925.0	519979.0	593800.0	688074.0	804336.0	956984.0	1144792.0	1357990.0	1422095.0	568675.0
	15.0	16.0	17.0	18.0	19.0	20.0	21.0	22.0	23.0	24.0	25.0	26.0	27.0	28.0	29.0	30.0	31.0	32.0	33.0	34.0	35.0	36.0	37.0	38.0	39.0	40.0
TN0001_R1	3.0	8.0	43.0	281.0	1024.0	2487.0	4545.0	6656.0	9191.0	12487.0	17105.0	24305.0	33845.0	41103.0	52907.0	66116.0	82301.0	101436.0	124509.0	155297.0	196076.0	257407.0	359392.0	565922.0	1230510.0	5686466.0
	11.0	12.0	13.0	14.0	15.0	16.0	17.0	18.0	19.0	20.0	21.0	22.0	23.0	24.0	25.0	26.0	27.0	28.0	29.0	30.0	31.0	32.0	33.0	34.0	35.0	36.0	37.0	38.0	39.0	40.0
TN0001_R2	1.0	155.0	1511.0	4938.0	11407.0	20677.0	30349.0	40644.0	51981.0	64192.0	78094.0	91452.0	107402.0	123288.0	141967.0	161642.0	185577.0	210531.0	238379.0	271211.0	310588.0	358044.0	416631.0	490019.0	585582.0	718880.0	906656.0	1171134.0	1454853.0	783637.0
	15.0	16.0	17.0	18.0	19.0	20.0	21.0	22.0	23.0	24.0	25.0	26.0	27.0	28.0	29.0	30.0	31.0	32.0	33.0	34.0	35.0	36.0	37.0	38.0	39.0	40.0
TN0002_R1	1.0	9.0	76.0	316.0	1173.0	2967.0	5490.0	8433.0	11688.0	16164.0	22092.0	31504.0	42527.0	53638.0	67372.0	85002.0	104386.0	128238.0	156230.0	192727.0	242172.0	315612.0	439849.0	692685.0	1511029.0	6902894.0
	11.0	12.0	13.0	14.0	15.0	16.0	17.0	18.0	19.0	20.0	21.0	22.0	23.0	24.0	25.0	26.0	27.0	28.0	29.0	30.0	31.0	32.0	33.0	34.0	35.0	36.0	37.0	38.0	39.0	40.0
TN0002_R2	2.0	163.0	1895.0	6658.0	15544.0	28182.0	42070.0	56017.0	70277.0	86307.0	103243.0	120582.0	140949.0	161043.0	183883.0	209676.0	239199.0	269667.0	304055.0	344463.0	394042.0	452687.0	524065.0	614167.0	734065.0	890328.0	1109786.0	1406989.0	1686322.0	837948.0
	12.0	13.0	14.0	15.0	16.0	17.0	18.0	19.0	20.0	21.0	22.0	23.0	24.0	25.0	26.0	27.0	28.0	29.0	30.0	31.0	32.0	33.0	34.0	35.0	36.0	37.0	38.0	39.0	40.0
TN0050_R1	1.0	4.0	6.0	12.0	34.0	105.0	481.0	1586.0	3707.0	6561.0	9958.0	14543.0	20810.0	29600.0	41992.0	57575.0	73879.0	95210.0	119463.0	147930.0	181128.0	220662.0	267416.0	328939.0	416572.0	555609.0	838070.0	1792798.0	6411420.0
	11.0	12.0	13.0	14.0	15.0	16.0	17.0	18.0	19.0	20.0	21.0	22.0	23.0	24.0	25.0	26.0	27.0	28.0	29.0	30.0	31.0	32.0	33.0	34.0	35.0	36.0	37.0	38.0	39.0	40.0
TN0050_R2	6.0	241.0	1626.0	4302.0	10614.0	22432.0	38744.0	55172.0	72276.0	91587.0	110342.0	131230.0	152685.0	174296.0	198542.0	222685.0	249648.0	279593.0	312148.0	348351.0	391667.0	445243.0	511315.0	597824.0	711254.0	876744.0	1117891.0	1474627.0	1894271.0	1138715.0
	15.0	16.0	17.0	18.0	19.0	20.0	21.0	22.0	23.0	24.0	25.0	26.0	27.0	28.0	29.0	30.0	31.0	32.0	33.0	34.0	35.0	36.0	37.0	38.0	39.0	40.0
TN0057_R1	2.0	8.0	52.0	328.0	1380.0	3276.0	5876.0	8817.0	12458.0	17201.0	23652.0	32946.0	44802.0	56340.0	71433.0	90154.0	110905.0	135368.0	166305.0	205816.0	260307.0	341325.0	475545.0	749031.0	1644157.0	7274925.0
	11.0	12.0	13.0	14.0	15.0	16.0	17.0	18.0	19.0	20.0	21.0	22.0	23.0	24.0	25.0	26.0	27.0	28.0	29.0	30.0	31.0	32.0	33.0	34.0	35.0	36.0	37.0	38.0	39.0	40.0
TN0057_R2	1.0	154.0	1987.0	6771.0	15368.0	27355.0	40964.0	54993.0	70152.0	87314.0	105420.0	125018.0	145413.0	168442.0	192515.0	220481.0	250714.0	286221.0	323374.0	367739.0	421880.0	485975.0	564489.0	663786.0	794477.0	967588.0	1211491.0	1533177.0	1788949.0	810201.0
	12.0	13.0	14.0	15.0	16.0	17.0	18.0	19.0	20.0	21.0	22.0	23.0	24.0	25.0	26.0	27.0	28.0	29.0	30.0	31.0	32.0	33.0	34.0	35.0	36.0	37.0	38.0	39.0	40.0
TN0065_R1	1.0	1.0	2.0	6.0	9.0	95.0	543.0	2058.0	5346.0	9423.0	14554.0	21865.0	31181.0	43882.0	61831.0	82963.0	103095.0	128569.0	159046.0	195441.0	240170.0	299026.0	382298.0	509967.0	727463.0	1152516.0	2090209.0	4201244.0	4239734.0
	11.0	12.0	13.0	14.0	15.0	16.0	17.0	18.0	19.0	20.0	21.0	22.0	23.0	24.0	25.0	26.0	27.0	28.0	29.0	30.0	31.0	32.0	33.0	34.0	35.0	36.0	37.0	38.0	39.0	40.0
TN0065_R2	5.0	226.0	3001.0	11737.0	28108.0	51265.0	75257.0	97013.0	118259.0	139429.0	162428.0	187232.0	213543.0	241783.0	274949.0	310010.0	349292.0	391189.0	437561.0	492535.0	553719.0	629401.0	717870.0	829878.0	970981.0	1162216.0	1412027.0	1747486.0	2043923.0	1050215.0
	16.0	17.0	18.0	19.0	20.0	21.0	22.0	23.0	24.0	25.0	26.0	27.0	28.0	29.0	30.0	31.0	32.0	33.0	34.0	35.0	36.0	37.0	38.0	39.0	40.0
TN0090_R1	5.0	54.0	314.0	1275.0	3216.0	5759.0	8536.0	11998.0	16039.0	22191.0	33064.0	45429.0	52930.0	67254.0	84458.0	104601.0	128253.0	157882.0	194837.0	248286.0	325365.0	455637.0	726218.0	1600698.0	7317432.0
	12.0	13.0	14.0	15.0	16.0	17.0	18.0	19.0	20.0	21.0	22.0	23.0	24.0	25.0	26.0	27.0	28.0	29.0	30.0	31.0	32.0	33.0	34.0	35.0	36.0	37.0	38.0	39.0	40.0
TN0090_R2	231.0	2963.0	10536.0	24371.0	43603.0	63554.0	82037.0	100736.0	120805.0	142006.0	164544.0	189126.0	214500.0	242453.0	273306.0	307695.0	343108.0	382601.0	429703.0	486495.0	550832.0	628385.0	725256.0	845804.0	992775.0	1168108.0	1330784.0	1294075.0	451339.0
	12.0	13.0	14.0	15.0	16.0	17.0	18.0	19.0	20.0	21.0	22.0	23.0	24.0	25.0	26.0	27.0	28.0	29.0	30.0	31.0	32.0	33.0	34.0	35.0	36.0	37.0	38.0	39.0	40.0
TR0025_R1	1.0	0.0	2.0	7.0	18.0	117.0	596.0	2030.0	4740.0	8423.0	12709.0	18937.0	27093.0	39324.0	59124.0	81463.0	99251.0	125022.0	157755.0	194215.0	237178.0	287706.0	349639.0	428194.0	538621.0	717274.0	1087130.0	2340939.0	7836928.0
	11.0	12.0	13.0	14.0	15.0	16.0	17.0	18.0	19.0	20.0	21.0	22.0	23.0	24.0	25.0	26.0	27.0	28.0	29.0	30.0	31.0	32.0	33.0	34.0	35.0	36.0	37.0	38.0	39.0	40.0
TR0025_R2	2.0	146.0	1184.0	3770.0	9781.0	22307.0	39589.0	58105.0	76449.0	97149.0	120185.0	144291.0	169800.0	197753.0	227089.0	257850.0	292968.0	336476.0	374784.0	417364.0	473024.0	537559.0	621781.0	730194.0	877405.0	1092057.0	1415638.0	1913383.0	2555594.0	1590759.0
	14.0	15.0	16.0	17.0	18.0	19.0	20.0	21.0	22.0	23.0	24.0	25.0	26.0	27.0	28.0	29.0	30.0	31.0	32.0	33.0	34.0	35.0	36.0	37.0	38.0	39.0	40.0
US0041_R1	1.0	0.0	3.0	25.0	221.0	842.0	2073.0	3808.0	5556.0	8025.0	10712.0	14350.0	20203.0	27013.0	33464.0	43338.0	53770.0	66580.0	81543.0	99346.0	125012.0	159330.0	209953.0	296666.0	480596.0	1087586.0	5157454.0
	12.0	13.0	14.0	15.0	16.0	17.0	18.0	19.0	20.0	21.0	22.0	23.0	24.0	25.0	26.0	27.0	28.0	29.0	30.0	31.0	32.0	33.0	34.0	35.0	36.0	37.0	38.0	39.0	40.0
US0041_R2	43.0	684.0	2843.0	7647.0	14050.0	21235.0	28113.0	36261.0	44834.0	55557.0	67220.0	80651.0	95623.0	111816.0	131809.0	154101.0	178516.0	205944.0	240711.0	280677.0	329166.0	389415.0	466741.0	566235.0	696945.0	878577.0	1113237.0	1261945.0	526874.0
	15.0	16.0	17.0	18.0	19.0	20.0	21.0	22.0	23.0	24.0	25.0	26.0	27.0	28.0	29.0	30.0	31.0	32.0	33.0	34.0	35.0	36.0	37.0	38.0	39.0	40.0
US0064_R1	3.0	15.0	125.0	645.0	2266.0	5166.0	9187.0	13718.0	20636.0	29269.0	42252.0	67072.0	88143.0	101797.0	128163.0	160678.0	197375.0	241829.0	291864.0	352246.0	432190.0	545312.0	726913.0	1094675.0	2343407.0	7911040.0
	11.0	12.0	13.0	14.0	15.0	16.0	17.0	18.0	19.0	20.0	21.0	22.0	23.0	24.0	25.0	26.0	27.0	28.0	29.0	30.0	31.0	32.0	33.0	34.0	35.0	36.0	37.0	38.0	39.0	40.0
US0064_R2	1.0	258.0	1889.0	5502.0	11923.0	23955.0	40364.0	59100.0	78974.0	100968.0	124486.0	150408.0	177610.0	207000.0	238966.0	271989.0	312377.0	358823.0	397962.0	441026.0	499043.0	567924.0	654582.0	765270.0	914222.0	1126984.0	1443072.0	1913394.0	2467287.0	1450627.0
	16.0	17.0	18.0	19.0	20.0	21.0	22.0	23.0	24.0	25.0	26.0	27.0	28.0	29.0	30.0	31.0	32.0	33.0	34.0	35.0	36.0	37.0	38.0	39.0	40.0
VT0027_R1	8.0	39.0	222.0	758.0	1928.0	3545.0	5263.0	7392.0	10369.0	14132.0	26697.0	42225.0	35800.0	43414.0	53980.0	67109.0	82147.0	101060.0	126377.0	159098.0	208904.0	293849.0	466564.0	1019877.0	4513467.0
	12.0	13.0	14.0	15.0	16.0	17.0	18.0	19.0	20.0	21.0	22.0	23.0	24.0	25.0	26.0	27.0	28.0	29.0	30.0	31.0	32.0	33.0	34.0	35.0	36.0	37.0	38.0	39.0	40.0
VT0027_R2	155.0	1911.0	5681.0	11958.0	19710.0	27361.0	35324.0	44416.0	54056.0	65482.0	77030.0	89868.0	103836.0	118635.0	137860.0	165058.0	187431.0	202371.0	226372.0	258745.0	297484.0	345098.0	404956.0	482471.0	588764.0	736644.0	933783.0	1110336.0	551428.0
	14.0	15.0	16.0	17.0	18.0	19.0	20.0	21.0	22.0	23.0	24.0	25.0	26.0	27.0	28.0	29.0	30.0	31.0	32.0	33.0	34.0	35.0	36.0	37.0	38.0	39.0	40.0
VT0030_R1	3.0	3.0	8.0	49.0	255.0	972.0	2470.0	4551.0	6872.0	9648.0	13183.0	18522.0	25142.0	34251.0	43673.0	55716.0	69984.0	85643.0	103518.0	126415.0	154582.0	196056.0	253933.0	352653.0	553195.0	1200932.0	5907882.0
	11.0	12.0	13.0	14.0	15.0	16.0	17.0	18.0	19.0	20.0	21.0	22.0	23.0	24.0	25.0	26.0	27.0	28.0	29.0	30.0	31.0	32.0	33.0	34.0	35.0	36.0	37.0	38.0	39.0	40.0
VT0030_R2	6.0	87.0	950.0	3718.0	9345.0	18045.0	27927.0	38184.0	49613.0	61761.0	74291.0	88324.0	103201.0	120095.0	138590.0	158980.0	182291.0	208109.0	237514.0	270634.0	311451.0	360129.0	420348.0	497794.0	601022.0	741349.0	944940.0	1231315.0	1527430.0	792668.0

