Sample	FastQC_mqc-generalstats-fastqc-percent_duplicates	FastQC_mqc-generalstats-fastqc-percent_gc	FastQC_mqc-generalstats-fastqc-avg_sequence_length	FastQC_mqc-generalstats-fastqc-percent_fails	FastQC_mqc-generalstats-fastqc-total_sequences
12-1-205_R1	20.288418089874398	47.0	151.0	0.0	7210324.0
12-1-205_R2	16.673461844412103	47.0	151.0	10.0	7210324.0
AG0004_R1	20.506049012775307	50.0	150.0	0.0	12555053.0
AG0004_R2	18.666467793625557	50.0	150.0	0.0	12555053.0
B2_R1	10.895297084002763	50.0	250.0	9.090909090909092	7996502.0
B2_R2	10.266952472203016	51.0	250.0	9.090909090909092	7996502.0
B51_R1	7.987555870611331	50.0	250.0	9.090909090909092	7090633.0
B51_R2	7.568594194286987	50.0	250.0	9.090909090909092	7090633.0
BF0072_R1	21.783039510091527	49.0	151.0	0.0	10064793.0
BF0072_R2	18.780012539431766	49.0	151.0	0.0	10064793.0
BN0019_R1	22.62713621348537	49.0	151.0	0.0	11867043.0
BN0019_R2	19.428957338894946	49.0	151.0	0.0	11867043.0
BN0119_R1	16.988520829902953	50.0	151.0	0.0	6622291.0
BN0119_R2	19.64683404310425	50.0	151.0	0.0	6622291.0
BN0123_R1	19.653950040030296	50.0	151.0	0.0	7919624.0
BN0123_R2	17.380438776878535	50.0	151.0	0.0	7919624.0
BN0202_R1	20.72912471442885	50.0	151.0	0.0	8606161.0
BN0202_R2	17.795583836721292	50.0	151.0	0.0	8606161.0
BN0252_R1	21.746442211114456	50.0	151.0	0.0	10841812.0
BN0252_R2	19.300639549639854	50.0	151.0	0.0	10841812.0
Br62_R1	4.95247033999415	50.0	98.95864025659343	0.0	12290260.0
Br62_R2	4.33235178086143	51.0	97.37259341950455	0.0	12290260.0
Br80_R1	20.68236382045646	49.0	255.55555344588788	9.090909090909092	5898770.0
Br80_R2	17.749915379980635	49.0	261.23363480861263	27.27272727272727	5898770.0
CD0065_R1	23.66291257477434	50.0	151.0	0.0	9942599.0
CD0065_R2	20.451455481716167	50.0	151.0	0.0	9942599.0
CD0142_R1	23.76510329414613	50.0	151.0	0.0	13576930.0
CD0142_R2	21.203752803282654	50.0	151.0	0.0	13576930.0
CH0043_R1	23.5875438750042	50.0	151.0	0.0	14352311.0
CH0043_R2	20.481924525640977	50.0	151.0	0.0	14352311.0
CH0072_R1	21.251771308954645	50.0	151.0	0.0	10607740.0
CH0072_R2	18.803042986197212	50.0	151.0	0.0	10607740.0
CH0452_R1	18.342300822944964	50.0	151.0	0.0	8063851.0
CH0452_R2	16.563182021835075	50.0	151.0	0.0	8063851.0
CH0461_R1	23.10925847573435	50.0	151.0	0.0	13548398.0
CH0461_R2	19.43295735675686	50.0	151.0	0.0	13548398.0
CH0533_R1	18.037501388491478	50.0	151.0	0.0	8374023.0
CH0533_R2	20.298565024125423	50.0	151.0	0.0	8374023.0
CH1103_R1	20.23761793211422	50.0	151.0	0.0	7554411.0
CH1103_R2	17.70962094431296	50.0	151.0	0.0	7554411.0
CH1164_R1	17.680784954178648	50.0	151.0	0.0	6329227.0
CH1164_R2	15.544603138388652	50.0	151.0	0.0	6329227.0
CM0028_R1	25.426709784798177	50.0	150.0	0.0	19691203.0
CM0028_R2	22.03134193318587	50.0	150.0	0.0	19691203.0
EI9411_R1	13.103844668202612	49.0	100.0	0.0	7737899.0
EI9411_R2	12.074261762441438	49.0	100.0	0.0	7737899.0
EI9604_R1	11.85289604476165	48.0	100.0	0.0	7128541.0
EI9604_R2	10.803443961363996	48.0	100.0	0.0	7128541.0
FR1067_R1	20.39708482221846	48.0	150.0	0.0	15180583.0
FR1067_R2	18.09878281224961	48.0	150.0	0.0	15180583.0
FR1069_R1	20.938866961363573	48.0	150.0	0.0	17308299.0
FR1069_R2	18.57248917418994	48.0	150.0	0.0	17308299.0
G17_R1	6.032502960254078	52.0	99.24980502959323	0.0	19587588.0
G17_R2	5.362545747279739	52.0	97.6504747802537	0.0	19587588.0
GN0001_R1	17.710383793987972	49.0	150.0	0.0	12269860.0
GN0001_R2	16.018864600855323	49.0	150.0	0.0	12269860.0
GY0040_R1	21.555050133155603	50.0	150.0	0.0	10306131.0
GY0040_R2	19.380521089344967	50.0	150.0	0.0	10306131.0
IN0017_R1	20.899092062909858	49.0	151.0	0.0	6632096.0
IN0017_R2	17.75447719491008	49.0	151.0	0.0	6632096.0
IN0054_R1	23.382865164560542	50.0	151.0	0.0	12337576.0
IN0054_R2	20.68092079421075	50.0	151.0	0.0	12337576.0
IN0059_R1	19.58556745347579	49.0	151.0	0.0	5550111.0
IN0059_R2	17.19848630890904	49.0	151.0	0.0	5550111.0
IN0114_R1	22.834002873553317	50.0	151.0	0.0	11810162.0
IN0114_R2	20.41125274739936	50.0	151.0	0.0	11810162.0
IN0115_R1	24.168418477480984	50.0	151.0	0.0	13173876.0
IN0115_R2	20.95164977567424	50.0	151.0	0.0	13173876.0
IN0116_R2	21.981181779042885	50.0	151.0	0.0	13320426.0
IR00102_R1	21.60813510132367	49.0	150.0	0.0	16956380.0
IR00102_R2	19.35569127649771	49.0	150.0	0.0	16956380.0
IR0013_R1	20.938700389660724	48.0	150.0	0.0	15097517.0
IR0013_R2	17.829488395940245	48.0	150.0	0.0	15097517.0
IR0015_R1	20.87689642119662	49.0	150.0	0.0	13992874.0
IR0015_R2	18.227860806687445	49.0	150.0	0.0	13992874.0
IR0083_R1	17.689185966958078	49.0	150.0	0.0	11442190.0
IR0083_R2	15.647936988004105	49.0	150.0	0.0	11442190.0
IR0084_R1	21.80479602457595	48.0	150.0	0.0	17479082.0
IR0084_R2	19.94206288102704	48.0	150.0	0.0	17479082.0
IR0088_R1	27.475782783509857	48.0	150.0	0.0	17848961.0
IR0088_R2	24.450856610905774	48.0	150.0	0.0	17848961.0
IR0095_R1	22.821192748148263	48.0	150.0	0.0	15763533.0
IR0095_R2	20.471042985186216	48.0	150.0	0.0	15763533.0
IT0010_R1	24.811194616803476	50.0	150.0	0.0	16778871.0
IT0010_R2	21.561833691342898	50.0	150.0	0.0	16778871.0
JP0091_R1	20.27987545272002	50.0	150.0	0.0	14264726.0
JP0091_R2	18.03894886428668	50.0	150.0	0.0	14264726.0
ML0060_R1	20.36446627705098	50.0	150.0	0.0	13678921.0
ML0060_R2	18.599575404205538	51.0	150.0	0.0	13678921.0
ML0062_R1	22.132670709086653	50.0	151.0	0.0	8976477.0
ML0062_R2	19.563482262541925	50.0	151.0	0.0	8976477.0
NG0012_R1	20.107201957134663	50.0	151.0	0.0	7106748.0
NG0012_R2	17.771060250483444	50.0	151.0	0.0	7106748.0
NG0054_R1	20.756767104574863	50.0	151.0	0.0	9342286.0
NG0054_R2	17.918042064715166	50.0	151.0	0.0	9342286.0
NP0058_R1	19.86913863314045	50.0	151.0	0.0	12773549.0
NP0058_R2	23.589831851863195	50.0	151.0	0.0	12773549.0
P28_R1	11.575803268870231	50.0	300.0	0.0	8979346.0
P28_R2	10.474886484929641	51.0	300.0	9.090909090909092	8979346.0
P29_R1	12.282256932192425	50.0	300.0	0.0	9335380.0
P29_R2	11.146897683692444	51.0	300.0	9.090909090909092	9335380.0
P3_R1	15.227303394569816	50.0	300.0	9.090909090909092	16130764.0
P3_R2	12.361463582387572	50.0	300.0	18.181818181818183	16130764.0
PGPA_R1	9.609027749672677	50.0	99.2305506065883	0.0	20869674.0
PGPA_R2	8.788562066239791	50.0	97.98428437358437	0.0	20869674.0
PgKY_R1	11.963546413314575	51.0	99.2206833421141	0.0	16131861.0
PgKY_R2	11.006725271844829	52.0	98.25176438105932	0.0	16131861.0
Py0925_R1	8.2609780590969	48.0	95.98985498134748	0.0	26276344.0
Py0925_R2	8.129977221866014	48.0	96.36464532508785	0.0	26276344.0
Py36-1_R1	9.140115693640055	49.0	96.61363453734444	0.0	29120108.0
Py36-1_R2	8.438218058174058	48.0	94.34180566912733	0.0	29120108.0
Py5033_R2	8.16187233182481	48.0	96.47333201667031	0.0	21503857.0
Py510_R1	6.107240554098368	49.0	95.97062509254786	0.0	15714841.0
Py510_R2	6.216300741309652	49.0	96.56655450729664	0.0	15714841.0
Py6017_R1	5.94975467681887	48.0	96.0123366290669	0.0	17611456.0
Py6017_R2	5.7408356384080435	48.0	96.30154905988466	0.0	17611456.0
Py6045_R1	7.532134009398845	48.0	95.70073192030324	0.0	22667222.0
Py6045_R2	7.469091189568886	48.0	96.71921137932121	0.0	22667222.0
Py86-1_R1	9.148837593277406	48.0	95.71281239799785	0.0	19619684.0
Py86-1_R2	8.930842135544452	48.0	96.48580833411995	0.0	19619684.0
SV9610_R1	12.83413207560038	51.0	100.0	0.0	7641464.0
SV9610_R2	11.584759398256722	51.0	100.0	0.0	7641464.0
SV9623_R1	14.442420043033579	50.0	100.0	0.0	7358699.0
SV9623_R2	13.15912720753471	50.0	100.0	0.0	7358699.0
T25_R1	11.731451761191934	51.0	250.0	9.090909090909092	13229717.0
T25_R2	11.149540947540004	51.0	250.0	9.090909090909092	13229717.0
TG0004_R1	19.24434434484158	50.0	151.0	0.0	7836183.0
TG0004_R2	17.26319670687529	50.0	151.0	0.0	7836183.0
TG0032_R1	22.227796099932178	50.0	151.0	0.0	11539189.0
TG0032_R2	19.130673105455344	50.0	151.0	0.0	11539189.0
TN0001_R1	21.597666783754747	50.0	151.0	0.0	9031422.0
TN0001_R2	19.151572155713055	50.0	151.0	0.0	9031422.0
TN0002_R1	23.442720138829458	50.0	151.0	0.0	11034274.0
TN0002_R2	20.478112428003186	50.0	151.0	0.0	11034274.0
TN0050_R1	19.600190484561125	51.0	150.0	0.0	11636071.0
TN0050_R2	17.054565909029435	51.0	150.0	0.0	11636071.0
TN0057_R1	22.785465245655658	50.0	151.0	0.0	11732409.0
TN0057_R2	19.620109340665593	50.0	151.0	0.0	11732409.0
TN0065_R1	24.374998203394824	50.0	151.0	0.0	14702538.0
TN0065_R2	20.72494088498503	49.0	151.0	0.0	14702538.0
TN0090_R1	22.01849440357873	50.0	151.0	0.0	11611731.0
TN0090_R2	18.898360714238407	50.0	151.0	0.0	11611731.0
TR0025_R1	21.639728747663582	51.0	150.0	0.0	14654436.0
TR0025_R2	19.005569312054845	51.0	150.0	0.0	14654436.0
US0041_R1	21.09123372944491	50.0	151.0	0.0	7987470.0
US0041_R2	18.65193364617177	50.0	151.0	0.0	7987470.0
US0064_R1	24.40405433730855	49.0	150.0	0.0	14805986.0
US0064_R2	21.626915276024803	49.0	150.0	0.0	14805986.0
VT0027_R1	22.090125517428177	50.0	151.0	0.0	7284224.0
VT0027_R2	19.474287773001535	50.0	151.0	0.0	7284224.0
VT0030_R1	20.93541930681026	50.0	151.0	0.0	9220111.0
VT0030_R2	18.632092752462825	50.0	151.0	0.0	9220111.0
